30	32	0	0 0 1 1 
95	95	50	1 0 1 1 
29	34	49	0 0 1 1 
18	26	44	0 0 0 0 
232	239	1	1 0 0 0 
30	31	8	0 0 1 0 
240	246	30	0 0 1 1 
68	70	27	0 1 0 0 
215	221	19	0 1 1 1 
81	86	34	1 0 1 0 
25	34	49	0 0 0 0 
19	21	43	0 1 1 1 
7	13	14	1 1 0 0 
68	75	33	1 0 0 0 
22	28	23	0 1 0 0 
85	88	18	0 0 1 1 
244	252	14	0 1 1 1 
88	92	46	0 0 0 0 
8	16	17	1 1 0 1 
56	60	3	1 0 1 1 
188	194	12	1 0 1 1 
168	176	30	0 1 1 1 
36	36	9	0 1 1 0 
242	246	10	0 0 0 0 
183	183	20	0 1 1 0 
46	53	2	1 1 1 1 
106	106	33	1 1 0 0 
160	163	3	0 1 1 1 
207	207	14	1 1 1 0 
237	244	29	1 0 0 0 
136	138	48	1 0 0 1 
71	74	49	1 1 1 1 
106	113	18	0 0 1 1 
54	56	12	0 0 1 1 
239	239	0	1 1 1 0 
140	142	22	1 0 1 1 
203	210	7	0 1 0 1 
118	122	35	1 1 0 0 
208	212	2	0 1 0 0 
117	123	40	0 1 1 0 
138	147	33	0 0 1 0 
91	93	34	0 1 0 1 
4	10	30	0 1 0 0 
80	82	32	0 1 0 1 
64	64	6	1 0 0 1 
244	248	17	0 0 1 0 
40	44	6	1 1 1 0 
162	169	49	0 0 0 0 
0	5	50	0 0 0 1 
87	93	33	1 0 1 0 
250	250	19	1 0 1 1 
98	105	21	0 0 1 0 
93	93	42	1 0 1 1 
53	61	48	1 1 0 0 
172	178	43	0 0 0 0 
78	83	43	1 1 0 0 
62	64	3	0 1 1 0 
72	73	9	1 0 0 1 
68	70	14	0 1 0 0 
238	245	21	1 0 1 1 
206	208	7	1 1 0 1 
117	117	30	1 0 1 1 
68	74	33	1 1 0 0 
208	215	6	0 0 1 1 
220	224	16	1 1 0 1 
190	198	38	0 1 1 1 
184	192	30	1 0 0 0 
127	129	23	0 1 0 1 
242	248	17	1 1 0 0 
176	184	24	0 0 0 0 
226	231	5	1 0 1 1 
12	18	3	0 0 0 0 
131	132	30	1 1 0 1 
221	224	8	1 1 0 0 
112	118	21	0 1 1 1 
105	112	28	1 1 0 0 
121	124	15	0 1 1 0 
36	41	48	1 0 0 0 
66	67	36	1 1 1 1 
208	208	47	1 0 0 1 
209	213	3	1 1 0 0 
131	133	2	0 1 0 1 
183	189	8	0 1 0 0 
112	121	32	1 0 1 0 
54	56	30	0 0 0 1 
121	127	14	0 0 0 1 
201	203	49	0 0 1 1 
169	172	14	1 0 1 0 
248	251	40	0 0 1 0 
143	151	6	1 1 1 1 
235	242	28	0 0 1 1 
87	88	4	1 0 1 1 
182	185	31	0 0 0 0 
116	116	37	1 0 0 1 
66	75	23	0 0 1 0 
43	50	14	1 1 0 1 
130	132	37	1 1 1 1 
0	5	4	1 0 1 1 
90	93	31	1 0 0 1 
93	102	42	1 1 0 1 
17	20	21	0 0 0 1 
36	45	18	0 0 1 0 
81	89	18	1 1 1 0 
79	80	22	1 1 1 1 
168	174	12	0 0 0 0 
227	232	15	0 1 1 0 
246	254	14	1 1 1 0 
100	108	46	1 0 0 1 
39	45	25	0 0 0 0 
177	184	23	0 1 0 0 
27	34	14	1 1 1 1 
24	25	29	1 0 1 1 
220	224	19	0 0 0 1 
96	103	22	1 1 1 0 
196	197	14	1 0 0 0 
245	254	5	1 0 1 0 
87	94	34	1 1 0 1 
243	252	28	1 1 1 0 
145	149	16	1 1 0 1 
91	99	33	1 0 0 1 
193	194	5	0 0 0 0 
91	99	46	0 0 1 1 
50	50	4	0 0 1 0 
32	35	16	0 1 0 0 
145	152	7	0 0 0 0 
4	8	30	1 1 1 1 
147	154	40	1 1 1 0 
37	38	7	0 0 1 0 
145	154	27	1 0 1 1 
130	132	47	0 0 0 0 
168	173	41	1 1 1 0 
164	167	38	1 1 1 1 
108	110	5	0 0 1 0 
110	115	15	1 0 0 0 
51	55	46	1 1 0 1 
159	167	25	1 1 1 0 
34	36	36	1 0 0 1 
183	185	13	0 0 1 1 
206	210	7	1 0 1 0 
236	239	17	0 1 0 1 
168	172	36	1 0 1 1 
197	199	50	1 0 0 0 
225	232	34	1 0 0 0 
73	80	45	0 0 1 1 
118	126	25	1 0 0 1 
50	54	42	0 1 1 1 
235	244	24	0 1 1 0 
126	132	38	1 1 1 1 
21	23	2	0 1 1 0 
66	72	2	0 0 0 1 
123	131	48	0 1 1 0 
224	228	41	0 1 0 1 
166	171	17	1 1 1 0 
200	206	7	0 0 1 1 
100	109	0	0 0 1 1 
21	24	5	1 1 0 1 
200	207	12	0 1 1 0 
143	145	50	1 0 1 1 
14	16	49	0 1 1 1 
105	113	11	1 0 0 0 
116	118	28	1 1 1 1 
91	93	18	0 1 0 0 
233	234	13	0 0 1 1 
179	180	12	1 1 1 0 
81	85	26	1 1 1 0 
234	237	30	1 1 0 0 
123	124	12	0 1 1 1 
249	251	2	1 0 1 0 
211	220	41	1 1 0 0 
25	34	2	0 0 1 1 
117	117	43	0 0 1 1 
243	243	5	0 0 0 1 
249	252	42	0 0 1 0 
201	209	23	0 1 0 0 
110	113	39	1 1 1 1 
232	233	18	1 0 1 0 
208	208	33	1 1 0 0 
168	174	48	0 0 1 0 
118	126	47	0 0 1 1 
135	139	33	1 0 1 0 
193	202	8	1 0 0 1 
209	218	36	0 0 1 0 
241	244	9	1 0 1 1 
57	57	43	1 0 0 1 
88	89	29	0 0 1 0 
17	20	49	1 1 1 1 
240	246	26	1 0 1 0 
21	27	25	0 0 1 0 
22	28	48	1 0 1 0 
87	91	21	1 0 0 1 
235	237	5	1 1 1 1 
36	45	13	0 1 1 0 
178	186	15	0 1 1 1 
210	215	42	1 0 0 1 
237	239	7	1 0 0 1 
149	153	4	1 0 1 1 
1	9	5	1 1 0 0 
119	126	31	1 0 0 0 
4	11	11	1 0 0 0 
223	223	28	0 1 1 1 
110	118	47	0 1 1 1 
146	153	31	1 0 0 0 
246	254	38	1 0 0 1 
72	80	45	0 0 1 0 
242	244	21	1 0 0 0 
104	111	46	0 1 0 1 
103	111	38	0 0 0 1 
44	52	11	1 0 0 1 
203	205	8	0 1 1 1 
124	133	33	1 0 1 0 
91	97	24	0 1 1 1 
160	164	31	1 1 1 1 
184	185	29	0 1 1 0 
146	152	25	1 0 1 1 
61	61	24	1 0 1 0 
70	76	46	0 0 0 0 
86	91	37	1 0 1 0 
174	179	38	0 0 0 1 
41	50	7	0 1 1 1 
185	192	30	1 1 0 0 
5	11	8	1 1 1 1 
35	35	10	0 0 1 0 
200	204	2	1 0 0 0 
80	87	4	0 0 0 0 
113	122	21	1 1 0 1 
108	108	17	1 0 1 0 
240	248	10	0 1 1 0 
8	9	49	0 1 1 1 
90	90	24	0 0 0 1 
101	106	33	1 1 1 0 
165	169	44	1 0 0 0 
64	65	3	0 1 1 0 
84	92	6	0 0 0 0 
98	106	19	1 0 0 1 
44	46	32	0 1 0 0 
52	61	40	1 1 1 1 
117	120	30	0 0 1 1 
120	121	35	0 1 0 1 
248	250	21	1 1 0 1 
46	55	26	1 1 0 1 
226	227	0	0 1 0 1 
195	195	31	1 0 0 0 
97	105	31	1 0 0 0 
149	149	44	0 1 1 1 
151	158	46	0 0 1 0 
194	201	30	1 1 1 0 
31	37	9	0 1 1 1 
71	76	10	1 0 0 1 
176	178	42	0 1 1 0 
157	161	41	1 0 1 1 
219	221	24	0 0 1 0 
62	62	30	1 0 0 0 
240	245	19	1 1 1 0 
154	158	6	1 0 1 0 
80	85	3	0 0 0 1 
111	114	41	1 1 0 1 
218	218	5	0 1 0 1 
91	97	7	1 0 1 1 
47	50	29	0 0 1 0 
97	104	48	1 0 1 1 
168	171	26	1 1 1 0 
161	164	34	1 1 1 0 
172	176	38	0 1 1 0 
103	109	26	0 1 1 1 
148	148	17	1 1 0 1 
202	206	28	0 1 1 0 
248	250	42	0 1 0 0 
211	217	29	0 1 1 1 
125	132	11	1 1 1 0 
62	66	36	1 0 0 1 
117	118	24	1 1 1 1 
237	241	28	1 1 1 1 
128	134	45	1 1 1 0 
245	248	25	1 0 1 0 
91	91	13	1 0 0 1 
67	68	3	0 0 1 0 
57	66	3	1 1 1 0 
111	119	39	1 0 1 1 
213	221	3	0 0 0 1 
192	198	26	1 1 1 1 
3	8	21	1 1 0 0 
186	192	5	0 1 0 0 
165	174	6	0 1 1 0 
243	246	38	1 1 1 1 
89	93	35	1 0 0 1 
102	106	9	0 1 1 0 
34	38	24	1 1 0 0 
58	62	41	1 1 0 1 
168	169	40	1 1 0 1 
31	34	25	1 1 1 1 
211	218	4	1 1 0 0 
79	86	17	0 0 0 0 
30	31	6	0 1 0 1 
137	145	36	0 1 0 0 
39	42	16	1 1 0 1 
119	126	30	1 0 0 1 
26	26	16	1 1 0 0 
216	222	18	0 1 1 0 
241	243	34	1 0 1 1 
190	190	4	1 0 1 1 
147	154	11	0 1 1 1 
249	253	47	1 1 0 0 
30	30	9	1 1 1 1 
129	129	12	1 0 0 0 
74	80	27	1 1 1 1 
121	128	17	1 1 0 1 
120	128	24	0 0 0 0 
137	142	12	1 0 1 1 
194	194	42	0 0 0 0 
36	36	29	1 1 0 0 
221	228	31	0 0 0 1 
160	166	18	1 1 1 1 
183	183	13	0 0 0 0 
56	65	13	0 0 1 0 
112	112	20	0 1 1 0 
188	195	37	1 0 1 0 
48	48	25	1 0 0 1 
232	236	16	1 1 1 1 
78	81	32	1 1 0 1 
130	139	29	1 0 0 0 
232	234	41	1 1 0 0 
85	91	43	1 0 1 0 
215	222	48	0 1 1 0 
97	103	34	0 0 0 1 
249	250	4	0 0 1 0 
177	179	15	1 0 1 0 
100	103	28	0 0 1 0 
38	47	47	1 0 1 0 
195	201	9	0 0 1 1 
17	26	37	1 1 0 1 
43	45	14	1 1 1 1 
5	5	35	0 0 1 1 
180	185	33	1 0 0 1 
38	41	7	1 1 0 0 
137	138	10	1 0 1 1 
220	222	14	1 0 1 0 
188	190	12	0 0 0 1 
205	205	19	0 1 0 1 
159	166	30	0 1 0 1 
154	163	24	1 1 1 0 
202	204	33	1 0 1 0 
60	64	40	1 1 0 0 
88	96	8	1 0 1 1 
107	109	9	0 1 0 0 
98	104	2	1 1 1 0 
56	58	50	0 1 1 0 
244	245	43	1 1 1 0 
199	207	1	0 1 0 0 
53	59	44	1 0 0 0 
14	15	23	1 0 1 0 
80	86	0	1 0 0 1 
192	196	7	0 0 0 0 
64	66	6	1 1 0 1 
60	61	16	0 0 0 1 
36	42	6	1 1 0 1 
113	115	13	0 1 1 1 
224	230	23	1 0 1 0 
128	129	25	0 1 1 1 
164	168	30	1 0 0 0 
238	240	1	1 0 1 1 
131	132	41	0 0 0 0 
99	106	42	1 0 1 0 
64	70	12	1 1 1 1 
25	28	19	0 1 0 0 
66	70	45	0 1 0 1 
72	72	36	1 1 0 1 
143	150	12	1 1 0 1 
164	169	16	1 1 0 0 
105	105	7	1 0 1 0 
2	3	37	0 1 1 0 
22	30	41	1 1 0 0 
44	52	26	1 1 1 0 
56	64	15	1 0 1 1 
81	89	42	0 1 0 1 
156	158	26	1 0 1 1 
98	107	11	0 1 1 0 
55	60	43	0 1 0 0 
44	48	15	1 1 1 0 
198	202	22	1 1 1 0 
215	220	27	1 0 0 0 
29	30	45	0 0 1 1 
61	68	3	0 1 0 0 
118	126	5	0 0 0 0 
226	234	32	0 0 0 0 
94	99	39	1 0 0 0 
135	137	38	1 1 1 0 
67	70	19	1 1 1 1 
31	37	49	0 0 0 0 
155	156	23	0 0 1 0 
57	59	37	1 1 0 1 
146	152	44	1 1 1 0 
113	113	35	1 0 1 1 
71	75	27	0 1 1 1 
52	55	1	0 0 1 1 
112	118	20	0 0 1 0 
135	142	30	0 1 0 1 
80	84	9	1 0 0 0 
87	88	11	1 1 0 0 
211	215	41	1 0 1 1 
228	232	24	1 1 1 1 
40	46	16	0 0 0 0 
17	26	43	1 0 0 0 
212	215	27	0 0 0 0 
80	89	35	1 1 0 0 
96	97	41	0 0 1 1 
109	114	37	0 0 1 0 
36	40	28	1 0 0 0 
117	121	45	0 0 0 0 
92	100	4	0 0 0 0 
114	119	7	1 0 0 1 
126	133	42	1 1 0 1 
157	166	47	0 1 0 1 
188	193	49	0 0 0 1 
223	227	48	0 1 1 1 
47	48	24	1 1 0 1 
237	242	29	0 1 1 0 
126	131	18	0 0 1 0 
123	126	16	1 0 0 1 
3	6	7	1 0 0 0 
86	92	47	1 1 0 1 
240	244	5	0 0 1 0 
60	65	9	0 1 1 0 
183	184	7	1 1 0 1 
147	151	34	0 0 0 1 
26	27	32	0 0 1 1 
201	204	19	0 0 0 0 
51	53	3	0 1 0 0 
184	193	3	1 0 1 1 
23	27	29	1 0 0 0 
32	38	38	0 0 0 1 
240	240	48	0 1 1 1 
68	75	41	0 0 1 0 
123	128	40	0 0 0 0 
131	135	1	0 1 0 1 
12	20	28	1 1 0 0 
10	11	29	0 1 1 0 
74	79	11	0 0 0 0 
7	16	32	0 0 1 0 
110	112	37	1 1 0 0 
244	253	33	1 0 0 1 
61	69	44	1 0 1 0 
192	196	44	0 1 1 0 
150	156	45	1 1 0 1 
193	194	35	0 1 1 0 
57	65	17	0 0 0 0 
97	101	15	0 0 1 0 
243	250	3	1 1 0 0 
160	167	50	1 1 1 0 
38	44	47	0 1 1 0 
150	159	43	0 1 0 0 
13	14	9	0 1 1 1 
58	65	12	0 1 0 0 
93	100	39	0 0 1 1 
63	67	32	1 1 1 0 
39	41	31	0 0 0 0 
56	65	16	1 0 1 0 
182	189	19	1 1 0 1 
100	103	44	1 0 0 1 
222	226	50	1 1 0 1 
60	69	26	0 1 1 1 
167	170	49	0 1 0 1 
85	94	8	0 1 0 1 
103	111	36	1 1 0 1 
30	32	42	1 1 1 0 
147	149	36	0 0 0 1 
25	32	46	1 1 1 1 
57	63	49	1 1 0 0 
95	101	18	1 0 0 0 
84	85	6	0 0 0 0 
110	110	45	0 1 1 1 
178	182	22	1 0 1 1 
13	14	10	1 0 1 0 
230	233	20	1 1 1 1 
4	11	21	0 1 0 1 
33	42	42	0 1 0 0 
181	185	6	1 0 1 1 
188	193	45	1 1 0 1 
53	60	49	0 0 0 1 
104	105	23	0 0 0 1 
78	87	22	1 1 0 1 
104	105	24	1 1 1 0 
63	65	43	0 1 0 1 
154	162	17	1 0 0 0 
133	134	2	1 0 1 1 
248	251	10	1 1 1 0 
128	129	43	0 0 0 1 
113	117	42	1 0 0 0 
189	194	24	0 0 1 0 
236	239	23	0 0 0 0 
161	162	27	0 1 0 0 
47	56	44	0 1 0 0 
237	239	2	1 0 1 0 
158	164	20	1 1 1 1 
192	198	30	1 1 0 0 
160	160	15	1 1 0 1 
206	206	37	1 0 1 0 
78	81	8	0 1 1 1 
121	127	36	1 1 0 0 
117	122	39	1 1 1 0 
106	111	14	1 1 1 1 
5	13	0	1 1 0 0 
208	210	9	0 1 0 1 
78	82	4	0 0 0 1 
13	18	11	0 1 1 0 
44	46	15	0 0 1 0 
101	103	40	1 1 1 1 
26	29	47	1 1 1 1 
111	116	10	0 0 0 1 
74	77	17	1 0 1 1 
64	69	37	0 0 1 1 
2	5	46	1 1 1 1 
219	219	8	0 1 1 1 
130	137	28	1 1 0 1 
35	44	5	1 0 0 1 
105	106	48	0 1 0 1 
143	149	9	1 0 0 1 
116	119	23	1 1 1 1 
11	17	4	1 0 1 1 
194	197	8	0 1 0 1 
230	232	26	0 0 1 0 
165	168	28	1 0 0 0 
179	182	34	0 1 1 0 
138	146	33	1 1 1 1 
73	73	17	0 0 0 1 
228	235	0	1 1 0 0 
84	93	11	1 1 1 1 
121	125	14	1 0 0 0 
170	173	43	0 0 1 1 
81	88	22	0 1 0 1 
47	49	21	0 1 1 0 
13	14	26	0 1 1 0 
37	39	39	0 0 1 1 
62	66	40	1 1 1 0 
155	156	8	1 0 0 1 
239	244	3	1 1 1 1 
155	157	14	1 1 1 0 
90	92	38	0 1 1 1 
158	159	45	0 0 1 0 
156	161	2	0 1 1 0 
11	18	35	0 1 1 1 
197	205	19	0 1 1 0 
143	147	38	1 0 1 0 
134	134	49	0 1 1 0 
118	120	25	1 0 0 1 
200	209	1	0 1 0 1 
198	202	17	1 1 1 0 
27	28	30	0 0 1 1 
79	83	26	0 1 0 1 
0	6	33	1 0 0 1 
9	11	20	0 0 1 0 
215	220	25	1 1 1 1 
187	196	40	0 0 1 1 
67	75	46	0 0 1 1 
200	209	40	0 1 1 1 
65	69	47	1 1 1 0 
25	33	3	0 0 0 1 
71	73	4	0 1 0 0 
122	128	32	1 0 0 0 
165	166	26	1 0 0 1 
9	15	30	1 1 1 1 
31	40	20	0 0 1 0 
54	55	14	0 0 1 0 
203	208	6	1 1 1 1 
215	218	4	0 0 0 1 
4	4	0	1 0 0 1 
149	153	46	1 1 0 1 
52	58	11	1 1 0 0 
231	240	46	1 1 1 1 
2	2	38	1 0 0 1 
40	45	50	1 0 1 0 
146	155	34	0 1 0 0 
60	66	38	1 1 0 0 
221	230	10	0 0 1 1 
216	220	43	1 1 0 1 
235	235	20	1 1 0 0 
180	189	42	1 0 0 0 
170	177	30	0 1 1 1 
52	60	22	0 1 0 1 
20	22	48	1 1 0 0 
147	147	15	1 1 0 1 
141	147	33	0 1 1 1 
244	246	32	1 0 0 1 
227	234	47	1 1 1 0 
246	246	48	0 0 1 0 
90	95	9	0 0 1 0 
122	127	10	0 0 1 1 
145	154	25	1 0 0 0 
75	76	8	0 0 1 0 
241	246	46	0 1 0 0 
78	84	19	0 1 0 1 
102	105	34	1 1 1 1 
39	41	41	0 0 0 1 
95	100	22	0 1 1 1 
132	140	40	0 0 1 0 
4	9	26	1 1 0 0 
171	176	41	1 0 0 0 
33	38	17	1 1 0 0 
71	80	48	1 1 1 0 
202	211	13	1 0 1 1 
241	242	13	0 1 0 0 
210	216	31	1 0 0 1 
114	116	22	0 0 1 0 
10	13	2	1 1 1 1 
106	109	17	0 0 1 1 
13	14	20	1 0 0 1 
7	7	27	1 1 0 0 
43	50	15	1 1 0 0 
114	114	41	1 0 1 1 
146	149	12	1 0 0 0 
52	57	36	0 0 1 0 
58	66	2	0 1 0 0 
44	46	25	1 0 1 0 
60	68	24	0 0 1 1 
174	174	10	0 0 1 0 
30	39	0	0 0 0 1 
6	8	24	0 1 0 1 
116	116	13	0 0 0 0 
122	129	9	0 1 0 1 
118	125	47	0 1 1 1 
209	218	38	0 0 1 1 
210	210	24	0 0 0 1 
93	94	10	0 1 1 0 
227	233	43	0 1 0 0 
29	37	21	0 0 0 1 
192	196	36	1 1 0 0 
6	6	46	0 1 0 1 
43	46	27	1 0 0 1 
14	21	39	1 1 1 1 
193	202	34	1 1 0 0 
115	118	7	1 0 1 0 
72	72	48	1 0 0 1 
30	31	1	1 1 0 0 
233	239	29	0 1 1 1 
226	231	15	1 0 0 0 
61	69	36	0 1 1 1 
93	100	47	0 0 1 1 
125	129	39	1 1 1 0 
184	184	21	1 0 0 0 
81	85	16	1 1 1 1 
26	35	10	0 1 1 1 
11	11	41	0 1 0 0 
65	70	22	1 1 0 0 
221	228	13	1 1 1 0 
159	159	36	0 0 1 0 
21	24	44	0 0 0 1 
8	15	23	0 0 0 1 
87	92	22	1 0 0 0 
199	205	4	0 1 0 0 
14	20	10	0 1 1 0 
188	188	50	1 1 1 1 
163	168	46	1 1 0 1 
11	12	38	0 1 1 0 
100	105	19	1 1 0 0 
163	164	49	1 1 1 1 
29	36	31	0 0 0 0 
208	213	9	0 1 1 1 
46	49	5	1 0 0 1 
125	134	15	0 0 0 0 
200	202	40	0 0 1 0 
156	164	31	0 0 0 1 
163	165	42	1 0 1 1 
52	59	19	1 1 0 0 
156	157	10	1 1 1 1 
236	238	12	1 0 1 1 
222	225	11	1 0 0 0 
149	157	1	1 0 1 0 
171	179	42	1 1 0 1 
211	214	22	1 1 0 1 
18	23	13	0 1 1 1 
60	67	0	1 1 1 1 
19	26	19	1 0 1 0 
28	37	13	0 1 1 0 
198	201	24	1 0 1 0 
205	208	29	1 0 0 1 
42	42	47	1 0 1 0 
85	93	21	1 1 0 0 
194	197	37	0 1 1 0 
232	237	39	0 1 0 0 
61	70	17	1 0 1 1 
144	145	44	0 1 1 1 
248	248	38	1 1 0 0 
80	84	22	1 1 0 0 
207	214	34	1 0 0 1 
191	200	11	1 0 0 1 
102	105	10	1 1 1 1 
201	207	31	1 1 1 1 
133	140	10	0 0 0 0 
98	98	2	0 0 0 0 
208	210	33	1 0 0 1 
171	174	34	0 0 1 1 
94	96	36	1 1 1 1 
38	39	27	1 1 0 1 
111	118	13	1 0 0 1 
168	177	33	0 0 1 0 
126	129	32	0 1 0 0 
191	195	3	1 0 0 0 
117	121	6	0 0 0 0 
103	105	47	0 1 0 0 
19	22	3	1 1 1 1 
6	10	7	1 1 0 1 
173	175	43	1 1 1 0 
232	240	31	0 1 1 0 
55	55	28	1 1 0 0 
234	240	10	1 1 1 1 
198	200	25	1 1 1 1 
7	13	10	0 0 0 1 
108	108	28	1 1 1 1 
23	26	25	0 1 0 0 
231	233	20	0 1 1 0 
167	171	5	0 1 0 1 
184	192	40	0 1 0 1 
102	102	40	0 0 0 0 
78	80	37	1 0 0 0 
93	100	8	0 0 1 1 
10	11	19	1 1 1 1 
166	168	38	1 1 0 1 
16	17	15	1 0 1 1 
24	28	26	1 0 0 0 
230	234	47	1 0 0 1 
71	76	1	1 1 0 1 
134	139	47	1 1 1 1 
75	76	18	1 0 0 0 
1	1	49	0 1 0 1 
203	211	17	1 1 1 0 
1	6	14	1 0 0 0 
47	48	19	0 1 1 0 
238	238	8	0 0 0 1 
230	232	2	1 1 1 0 
129	138	20	1 0 1 0 
188	191	29	0 0 0 0 
32	41	3	1 0 0 1 
22	31	31	0 1 0 0 
163	167	37	0 1 0 0 
61	62	21	0 0 1 1 
181	181	17	0 1 1 0 
59	67	45	0 1 0 1 
83	85	32	1 1 1 1 
207	215	35	0 1 1 1 
82	89	48	1 0 0 1 
222	222	35	0 1 0 1 
19	24	30	1 1 1 1 
97	99	49	0 0 0 0 
71	78	29	0 1 1 1 
35	41	48	0 0 1 0 
32	34	4	0 0 0 0 
108	115	47	1 0 1 0 
24	30	35	1 1 0 0 
153	155	42	0 1 1 1 
104	112	18	1 0 1 0 
28	33	40	1 1 0 1 
203	203	36	0 1 1 0 
23	28	4	1 0 1 0 
19	24	15	0 1 1 0 
30	35	17	0 1 0 0 
76	80	11	0 1 1 0 
9	10	21	1 0 1 1 
223	230	41	1 0 1 0 
34	43	28	1 0 1 0 
240	246	29	0 0 0 1 
213	217	36	1 1 0 0 
242	249	9	0 0 1 1 
49	54	19	0 1 0 1 
34	35	30	0 1 1 0 
227	228	43	1 1 1 1 
204	206	17	1 1 0 0 
229	233	44	0 0 0 1 
237	245	36	0 0 0 1 
6	8	18	0 0 0 1 
70	78	47	1 0 1 1 
107	109	9	1 0 1 1 
19	28	47	0 1 0 0 
52	58	5	0 1 1 0 
229	236	48	1 1 0 1 
169	178	34	1 0 1 1 
47	51	14	0 1 1 1 
25	31	48	0 1 0 1 
103	112	30	0 0 1 0 
218	226	48	1 0 1 0 
163	165	37	0 0 1 0 
9	17	25	0 0 1 1 
17	23	39	1 1 0 0 
86	89	27	1 1 0 1 
42	51	0	0 0 1 1 
239	239	42	1 0 1 1 
226	233	43	0 1 0 0 
137	143	43	1 1 0 1 
14	20	15	0 1 1 0 
2	6	48	1 0 0 0 
210	213	15	1 0 0 1 
50	55	28	0 1 0 1 
127	133	6	1 0 0 0 
215	223	24	0 0 1 1 
125	126	4	1 0 1 1 
188	188	16	1 0 0 1 
45	47	18	1 1 0 0 
162	168	1	0 1 1 1 
71	75	14	0 0 0 0 
221	225	47	0 0 1 0 
185	185	2	0 0 0 0 
139	148	13	1 0 1 1 
167	169	4	1 0 0 0 
103	105	36	0 0 1 0 
146	152	17	0 0 0 1 
35	39	29	0 1 1 0 
235	243	34	1 1 0 1 
167	168	0	1 0 1 0 
67	70	14	0 1 1 1 
125	133	41	0 0 0 0 
166	170	22	1 1 0 0 
229	235	6	0 1 0 1 
131	139	24	1 0 0 1 
174	175	23	0 0 1 0 
185	190	28	1 1 0 1 
74	80	5	0 1 1 0 
98	107	47	0 1 0 0 
137	138	27	0 1 0 1 
55	61	6	1 0 1 0 
19	23	33	0 1 0 0 
97	102	45	1 1 0 0 
141	147	45	1 1 1 0 
194	201	49	0 0 0 1 
185	187	42	1 1 0 1 
237	242	37	0 1 1 0 
1	10	7	1 1 1 0 
44	53	25	0 0 1 1 
190	192	38	1 0 1 1 
97	99	37	0 0 1 1 
12	19	33	1 1 0 1 
5	14	47	1 1 0 0 
215	219	44	0 0 0 0 
187	195	5	1 1 0 0 
20	23	3	0 0 0 1 
33	42	37	1 1 1 0 
115	123	50	0 1 0 0 
165	170	7	0 0 0 0 
70	72	23	1 1 0 0 
1	10	28	1 0 0 1 
137	142	39	0 1 1 1 
198	206	29	1 0 1 0 
155	162	46	0 0 0 1 
126	126	29	1 1 0 1 
220	225	17	0 0 0 0 
34	34	4	1 0 0 0 
66	74	20	1 1 1 0 
176	178	42	1 1 1 0 
232	240	31	1 0 1 0 
23	30	34	1 1 1 1 
196	200	20	0 1 1 0 
29	34	2	0 0 0 1 
120	128	40	0 0 1 1 
44	47	34	0 1 1 0 
58	61	21	0 1 1 0 
52	55	6	0 1 0 0 
208	217	5	0 0 1 1 
100	103	38	0 0 1 0 
146	154	49	1 0 1 0 
126	128	14	1 0 0 0 
35	37	35	0 0 0 1 
50	51	19	0 0 0 0 
143	145	33	0 1 0 0 
86	92	43	0 0 0 1 
98	100	21	1 1 1 1 
75	83	5	0 1 0 1 
62	66	25	0 1 1 1 
246	250	21	1 0 1 1 
59	63	50	1 0 0 0 
145	150	2	0 0 0 0 
210	212	48	0 1 0 0 
8	17	49	0 1 0 0 
121	128	44	1 0 0 1 
5	9	50	0 1 1 0 
106	111	20	0 1 0 0 
211	217	46	0 0 0 0 
80	80	11	1 0 1 1 
100	108	1	1 1 1 1 
59	61	9	1 1 1 0 
202	208	46	1 1 0 1 
4	6	41	0 1 1 1 
201	203	8	1 0 1 0 
185	193	32	0 0 1 1 
72	80	50	1 1 0 1 
81	89	48	1 1 0 1 
57	65	25	1 0 0 1 
108	111	16	1 0 1 1 
228	235	35	0 0 1 0 
159	167	41	0 1 0 0 
230	230	11	1 1 0 1 
91	98	39	0 0 1 1 
98	101	47	1 0 1 0 
87	95	12	1 0 1 0 
78	83	38	1 0 0 1 
136	137	21	0 1 1 1 
125	134	6	1 1 1 1 
239	248	18	1 0 1 1 
189	193	24	0 0 0 1 
68	77	14	1 0 0 1 
45	46	44	0 0 1 0 
17	23	10	1 1 0 0 
149	154	41	1 1 0 1 
31	32	23	1 0 0 1 
145	154	40	0 1 0 1 
108	116	19	0 0 1 0 
89	93	20	1 0 1 1 
52	55	35	0 0 0 0 
209	211	28	1 0 0 0 
111	120	47	1 0 1 0 
37	44	20	0 1 0 0 
86	89	10	1 0 0 0 
100	104	37	1 1 1 0 
140	142	23	1 0 0 1 
35	39	15	1 1 1 1 
69	73	0	1 0 1 0 
144	147	7	1 1 1 0 
219	225	32	1 1 1 0 
90	99	30	1 1 1 1 
91	93	4	1 0 0 0 
207	208	21	1 1 1 0 
215	219	11	1 1 0 0 
197	198	31	0 0 0 0 
18	23	50	1 1 1 0 
191	193	34	1 0 1 1 
44	45	30	0 1 0 0 
6	13	6	0 1 1 1 
149	154	47	1 1 0 1 
187	191	9	1 0 0 0 
234	243	21	0 0 1 1 
59	66	50	0 0 0 0 
33	39	24	0 0 0 0 
55	62	6	0 1 1 0 
170	176	25	1 1 0 0 
155	155	2	0 1 0 1 
197	202	45	1 1 0 1 
210	219	15	1 1 1 0 
33	40	22	1 1 0 0 
187	195	4	0 0 1 1 
206	213	34	1 1 0 0 
39	39	29	0 0 1 1 
9	16	7	1 1 0 1 
192	197	1	1 1 1 0 
42	48	32	0 1 0 1 
101	103	21	0 1 1 0 
178	187	9	1 0 0 1 
28	35	40	0 1 0 0 
14	20	46	1 0 0 1 
27	30	1	1 1 1 1 
239	240	31	1 1 0 0 
103	106	7	0 0 0 0 
234	243	36	1 0 1 0 
152	153	47	1 0 1 1 
182	185	49	0 0 1 0 
235	235	15	1 0 1 1 
95	103	12	1 0 1 0 
72	73	27	1 1 1 0 
75	82	30	1 1 0 1 
214	214	42	1 1 0 0 
6	9	47	1 0 0 1 
155	164	27	0 1 1 0 
141	141	40	0 0 0 1 
164	172	46	1 1 0 1 
66	68	21	0 1 0 0 
207	214	8	1 1 0 0 
156	156	1	1 0 1 0 
243	248	34	0 0 0 1 
63	72	2	1 0 0 0 
48	49	16	1 0 0 0 
215	219	29	1 1 1 1 
122	128	48	1 0 1 1 
176	185	37	0 0 0 0 
87	92	2	0 0 1 0 
185	187	6	0 1 0 0 
115	120	11	1 0 1 0 
164	169	35	0 0 0 0 
140	141	42	0 0 1 0 
174	182	40	0 1 0 1 
105	113	46	1 0 0 1 
50	55	10	1 1 0 1 
153	160	22	1 0 1 1 
152	161	13	1 0 0 1 
103	104	40	1 0 1 1 
189	193	27	1 0 1 0 
43	50	35	0 1 1 0 
104	105	35	1 0 0 1 
124	125	37	1 0 0 0 
44	45	0	0 1 0 0 
212	215	41	0 0 1 0 
42	49	2	1 0 0 1 
175	180	42	1 1 0 0 
196	199	35	0 0 1 1 
107	114	12	1 1 0 0 
236	244	26	0 1 0 0 
145	150	30	1 1 1 1 
230	234	45	1 0 1 0 
28	35	9	1 0 0 0 
109	117	2	1 1 0 0 
83	84	33	0 1 0 1 
67	71	29	1 0 1 1 
239	245	49	0 1 0 0 
187	196	30	0 1 0 1 
121	123	35	0 0 1 0 
109	114	37	0 1 1 0 
186	192	34	0 0 0 1 
146	151	15	0 1 1 1 
37	42	13	0 1 0 1 
113	122	26	0 0 0 1 
146	154	48	0 0 1 0 
33	36	6	0 1 1 1 
126	131	10	1 1 1 0 
167	174	49	0 1 1 1 
98	103	21	0 0 0 0 
9	10	17	1 1 0 0 
243	252	14	0 0 1 0 
4	4	47	1 1 1 0 
195	202	48	1 1 0 1 
240	246	22	0 1 0 0 
20	24	13	0 0 1 1 
141	145	18	0 0 1 1 
216	225	37	0 1 0 0 
134	139	29	0 0 1 1 
156	159	30	1 0 1 0 
75	80	25	1 1 1 0 
57	61	14	1 1 0 1 
137	144	1	1 0 0 0 
154	158	40	1 1 1 0 
75	82	2	0 1 0 0 
13	16	27	0 1 0 0 
154	156	49	1 1 1 1 
160	167	37	0 1 0 1 
165	166	7	0 1 0 1 
60	65	22	1 1 0 0 
64	70	39	1 1 1 1 
164	167	19	0 1 0 0 
33	39	16	1 0 0 1 
190	199	4	0 1 1 1 
44	48	11	1 0 1 0 
46	55	6	1 0 0 1 
182	188	9	0 0 0 1 
192	197	18	1 1 1 1 
94	102	26	0 1 1 1 
49	53	1	1 0 0 0 
38	47	9	0 1 1 1 
3	5	19	1 1 0 1 
120	123	7	0 1 1 1 
48	51	19	0 0 0 0 
163	164	23	0 0 0 1 
127	136	39	1 1 0 0 
64	68	11	0 1 1 0 
233	239	2	1 1 1 0 
195	197	7	0 0 0 0 
27	31	30	1 0 0 1 
63	70	45	0 0 1 1 
97	106	34	1 0 1 0 
204	206	34	1 1 1 1 
36	36	41	0 1 1 1 
111	112	36	1 1 1 0 
32	41	36	1 0 1 0 
188	192	11	1 0 0 0 
22	24	9	0 1 0 0 
98	99	17	0 1 0 1 
130	130	24	1 1 1 0 
200	209	3	0 1 1 0 
161	164	9	0 1 0 1 
105	106	13	0 0 0 0 
9	16	11	1 1 0 1 
119	127	27	1 1 1 1 
8	11	50	0 0 1 1 
148	154	41	0 1 0 0 
95	95	38	0 1 1 0 
15	20	13	1 0 1 0 
51	52	50	1 0 1 0 
184	184	2	0 0 0 1 
250	252	3	0 0 1 0 
161	164	44	1 1 0 1 
148	155	11	1 1 1 1 
148	154	22	0 0 1 1 
192	199	30	0 1 1 1 
129	131	26	1 1 0 0 
174	181	37	0 0 0 0 
179	185	6	1 1 0 1 
30	32	34	1 0 1 1 
172	178	15	1 1 1 0 
236	237	47	1 0 0 1 
188	196	43	0 0 0 0 
113	113	37	1 0 0 1 
55	60	4	1 0 1 1 
87	89	50	0 1 0 0 
243	246	12	0 1 1 0 
90	91	28	1 1 1 1 
37	44	34	1 1 0 1 
85	94	5	1 0 1 0 
16	21	26	1 0 0 1 
141	149	22	1 1 1 0 
237	243	28	1 0 0 0 
116	122	19	0 1 0 0 
107	114	12	1 1 0 0 
90	96	4	0 1 1 1 
104	109	2	1 1 0 1 
161	166	44	1 1 0 1 
222	229	23	1 0 1 1 
81	87	11	1 1 1 0 
115	122	17	0 0 1 1 
117	119	2	0 0 1 1 
163	168	12	0 0 1 1 
130	134	24	0 0 1 1 
120	126	5	0 1 1 0 
120	124	24	1 1 0 1 
13	15	23	1 1 0 0 
203	206	44	0 1 1 1 
56	56	46	0 0 1 0 
145	150	36	1 1 1 0 
164	172	30	0 1 1 0 
222	228	4	1 0 1 0 
103	112	30	1 0 0 0 
58	58	18	1 1 0 0 
47	47	45	0 1 0 1 
153	162	0	0 1 0 1 
84	86	48	1 0 1 1 
131	135	47	1 1 1 0 
91	96	19	1 1 0 0 
111	120	17	0 0 0 1 
98	99	43	1 0 1 0 
164	171	42	1 0 0 0 
243	247	18	0 1 0 1 
70	71	9	0 1 1 1 
189	192	44	1 0 1 0 
189	192	50	1 1 1 1 
21	21	22	1 1 0 0 
231	238	17	1 0 1 1 
189	198	19	0 0 0 0 
90	95	46	0 0 0 0 
47	51	40	0 1 1 1 
84	89	29	1 1 1 1 
250	258	49	1 1 1 0 
44	48	39	1 1 0 0 
232	234	11	1 1 1 1 
205	214	32	0 0 1 1 
210	211	38	0 1 1 0 
239	241	14	1 1 1 1 
84	85	49	0 1 0 1 
44	44	12	0 1 0 1 
39	43	33	0 1 0 0 
54	62	21	0 1 0 0 
203	212	35	1 0 1 1 
142	144	45	0 1 1 0 
112	116	9	1 1 0 1 
79	86	38	1 1 1 1 
78	84	20	0 1 0 0 
19	22	13	0 1 0 0 
75	81	26	1 1 0 0 
10	17	33	1 0 0 0 
120	128	12	0 0 1 1 
38	47	36	1 0 0 1 
186	194	40	1 1 0 1 
120	126	41	0 1 1 0 
21	25	5	1 1 1 0 
120	121	21	1 1 0 0 
144	152	19	1 1 0 0 
50	53	48	0 1 1 1 
117	123	34	0 1 1 0 
199	203	43	0 0 0 0 
111	112	41	0 1 1 1 
212	212	4	1 0 0 0 
97	106	30	0 0 1 0 
114	114	18	1 0 1 0 
59	68	49	1 0 1 0 
232	234	26	1 1 0 0 
98	101	11	1 0 1 1 
33	42	22	0 1 0 0 
22	31	47	0 1 1 0 
55	63	22	0 1 1 1 
21	22	28	0 1 1 0 
154	158	4	1 0 0 1 
183	188	4	1 0 1 1 
125	130	6	1 1 0 1 
0	8	5	0 0 1 0 
10	14	28	0 1 1 0 
215	222	6	0 1 1 1 
53	58	21	0 0 0 1 
163	164	2	1 1 0 1 
84	86	24	0 1 0 1 
122	130	46	0 1 0 1 
87	87	2	1 1 1 0 
53	56	40	1 1 1 1 
195	202	26	0 1 0 0 
152	155	16	0 0 1 0 
183	191	33	1 1 1 0 
178	187	43	0 0 0 0 
63	68	25	1 1 1 1 
124	124	4	1 1 1 1 
211	211	37	1 0 1 1 
98	98	9	0 0 1 0 
26	26	25	0 0 0 0 
188	188	19	0 1 1 1 
114	114	25	1 1 0 0 
78	79	13	1 1 1 0 
42	43	18	1 0 0 1 
194	202	33	1 1 1 0 
175	177	10	0 1 0 0 
222	229	15	0 1 1 1 
16	16	24	1 0 1 1 
67	76	32	1 1 1 1 
81	83	17	0 0 1 0 
11	15	9	1 0 1 1 
0	3	6	1 0 1 1 
22	24	39	0 0 0 0 
32	39	1	0 0 1 0 
188	195	29	0 0 1 1 
124	125	49	0 1 1 0 
32	33	3	1 0 1 1 
101	102	33	1 1 0 0 
219	220	38	0 0 0 0 
138	146	27	1 0 0 0 
120	125	11	1 0 1 0 
37	44	17	1 0 0 0 
211	219	29	1 1 0 1 
51	56	4	1 1 0 0 
216	216	16	0 1 0 0 
14	15	26	0 1 0 0 
54	54	25	0 1 1 1 
179	183	17	1 1 1 1 
46	47	44	1 1 0 1 
206	214	15	0 1 0 1 
181	181	34	0 1 0 0 
94	103	27	0 0 1 1 
22	25	3	1 0 1 0 
75	81	41	0 1 1 1 
186	192	11	1 1 1 1 
119	127	1	0 0 0 0 
103	105	35	1 1 0 1 
91	91	35	1 1 0 1 
107	111	46	1 1 1 1 
0	2	47	1 1 0 1 
149	154	2	1 0 1 0 
137	143	20	1 1 0 1 
3	8	36	1 1 0 1 
134	141	43	1 0 1 0 
224	224	25	0 1 0 0 
157	161	26	1 1 0 1 
78	80	12	1 0 0 0 
141	142	13	1 0 0 0 
121	129	47	0 0 1 0 
111	118	10	0 1 0 1 
59	68	44	1 1 0 1 
170	172	35	0 0 1 1 
247	255	0	0 1 0 0 
221	222	13	1 1 0 1 
162	163	39	0 1 1 1 
28	32	2	1 0 1 1 
142	150	19	0 0 1 1 
29	32	42	0 0 1 0 
195	201	45	1 1 0 0 
197	203	13	0 0 0 0 
181	181	13	0 1 1 0 
82	84	12	1 0 1 1 
131	133	48	0 0 1 0 
35	40	24	0 1 0 1 
249	258	11	1 0 1 1 
208	215	8	0 0 0 1 
186	190	38	1 0 0 1 
74	74	4	0 1 0 1 
48	53	12	1 0 0 0 
28	30	47	0 1 0 0 
16	24	40	1 1 1 0 
222	229	34	0 1 0 1 
6	10	47	0 0 0 0 
223	232	8	1 0 1 1 
60	61	49	1 1 0 1 
154	163	31	0 1 1 1 
74	79	17	1 1 1 0 
139	147	2	0 0 0 1 
3	10	5	1 0 1 1 
230	232	11	0 1 0 1 
108	116	28	1 1 0 1 
159	159	4	1 0 0 1 
114	116	49	0 1 1 1 
123	131	38	0 1 1 1 
204	207	0	0 0 0 0 
26	35	21	1 0 0 0 
218	226	36	0 0 1 0 
73	75	39	0 1 1 0 
161	165	38	1 0 1 0 
28	30	6	0 0 0 0 
143	148	4	1 1 0 1 
91	98	29	0 1 1 0 
118	120	43	1 1 0 1 
51	54	43	1 1 1 0 
174	178	10	0 0 1 0 
140	147	43	0 0 1 0 
122	128	20	1 1 0 0 
149	150	49	1 1 0 1 
25	32	1	1 1 1 0 
129	136	8	0 1 0 1 
25	25	38	0 0 0 0 
42	47	3	1 0 1 1 
114	115	20	0 0 0 0 
110	110	41	0 1 1 1 
77	85	18	1 0 1 1 
84	84	11	0 1 1 0 
146	152	35	1 0 1 1 
81	86	31	1 1 1 1 
144	144	2	0 0 0 0 
123	125	28	0 1 0 1 
227	231	40	1 1 0 0 
58	65	19	0 0 1 1 
85	91	41	1 1 0 1 
187	190	3	0 0 1 0 
37	46	48	1 1 1 1 
152	152	12	0 0 0 0 
167	169	31	0 1 1 1 
132	134	35	1 0 1 1 
87	96	8	0 0 1 0 
218	223	29	1 0 1 1 
220	229	18	0 1 0 0 
37	37	45	1 1 0 0 
194	202	12	1 0 0 1 
40	47	11	1 1 1 0 
132	138	10	0 1 1 1 
189	196	17	0 0 0 1 
191	192	4	1 0 1 0 
173	182	29	1 0 1 1 
96	96	24	0 1 0 0 
72	75	7	1 1 0 0 
146	147	49	0 1 1 1 
249	255	39	0 0 0 1 
28	34	31	1 1 0 0 
237	243	0	0 0 0 0 
207	211	41	0 1 0 1 
3	9	46	0 1 1 1 
180	186	16	1 1 1 0 
101	107	25	0 1 1 1 
1	10	6	1 1 0 0 
162	165	7	1 0 0 1 
106	111	48	0 0 1 1 
21	30	15	1 1 0 1 
33	39	19	1 1 1 1 
116	117	32	0 0 0 0 
203	206	8	1 1 1 1 
12	16	34	1 1 0 1 
230	237	7	1 0 0 1 
90	95	16	1 0 0 0 
200	200	42	1 0 1 0 
227	235	28	1 0 1 0 
181	186	21	1 0 1 1 
150	158	17	0 1 1 0 
140	146	14	1 1 0 0 
66	67	38	0 0 0 1 
181	188	43	0 1 1 0 
22	23	27	0 0 0 0 
216	223	8	0 1 0 0 
47	48	31	1 0 1 0 
125	128	4	0 1 1 1 
151	153	12	1 1 1 1 
90	90	11	0 1 1 1 
226	234	3	0 0 1 0 
138	143	24	0 1 0 0 
15	22	21	1 1 0 1 
63	67	12	1 1 0 0 
93	96	45	1 1 1 0 
173	180	34	1 1 1 1 
189	197	3	0 1 0 1 
37	39	33	0 1 0 1 
180	182	25	1 0 1 1 
140	142	38	1 1 0 0 
173	178	28	1 1 0 0 
84	84	13	0 1 0 0 
236	243	26	0 0 0 0 
211	213	29	1 1 0 1 
64	68	17	1 1 1 1 
139	148	43	0 0 0 0 
225	231	41	0 0 0 1 
135	137	47	0 0 0 0 
98	105	8	0 0 0 0 
173	180	32	1 1 0 0 
111	118	3	1 1 1 0 
186	189	4	0 0 1 1 
143	143	46	1 1 1 0 
194	203	46	0 0 1 1 
99	100	46	1 1 1 0 
138	138	3	0 1 1 1 
214	218	35	1 1 1 0 
2	7	47	0 1 1 0 
21	29	16	1 1 0 0 
64	68	39	1 0 0 1 
219	219	32	1 1 1 0 
226	232	13	0 1 0 0 
223	225	20	0 0 0 0 
10	12	34	1 0 0 0 
182	186	15	0 1 1 1 
179	180	25	1 0 1 1 
179	182	2	0 0 0 0 
115	122	32	0 1 1 0 
139	146	18	0 0 0 1 
4	5	29	1 0 0 1 
124	124	11	1 0 0 0 
70	75	38	0 1 0 1 
5	10	46	0 1 0 1 
112	116	22	0 1 0 0 
227	230	9	0 0 0 1 
116	120	25	0 1 0 0 
1	7	45	0 0 1 0 
25	25	37	0 0 1 0 
18	26	24	1 0 0 0 
98	107	27	0 0 0 0 
11	18	34	1 0 0 1 
201	209	45	0 0 1 0 
144	144	20	1 0 0 1 
86	93	5	1 0 1 0 
3	6	13	0 1 1 1 
203	212	43	1 0 1 0 
162	168	38	1 0 0 0 
0	3	43	1 1 0 0 
178	183	5	1 1 0 1 
125	130	15	0 1 1 0 
246	249	35	0 1 1 0 
156	165	36	0 0 1 1 
241	246	14	0 0 1 0 
1	2	37	1 0 1 0 
69	70	9	0 1 1 1 
88	94	21	0 1 1 0 
64	72	25	0 1 1 1 
212	215	38	1 0 1 0 
166	169	36	0 1 0 0 
72	75	1	1 0 1 1 
51	52	4	1 1 1 1 
232	240	0	1 1 1 0 
222	228	39	0 1 1 0 
84	88	4	1 0 0 1 
17	19	48	1 1 0 1 
69	71	48	0 0 1 0 
22	28	49	1 0 0 0 
207	208	3	0 0 1 0 
116	118	16	0 0 1 1 
135	138	31	0 0 0 0 
14	20	10	1 1 1 1 
129	133	17	0 0 1 1 
193	198	25	1 0 0 1 
5	11	41	1 1 0 1 
83	91	18	1 0 1 1 
1	9	15	0 1 1 1 
82	83	21	1 1 1 0 
143	150	7	0 1 1 0 
18	26	15	1 0 1 1 
211	219	1	0 1 0 1 
57	66	37	1 0 1 0 
185	189	34	1 0 1 0 
90	92	8	0 1 1 1 
151	151	8	0 0 0 0 
61	67	32	1 0 0 0 
188	194	40	1 0 0 0 
34	39	1	0 0 1 1 
8	16	14	1 1 1 0 
100	103	18	0 1 1 1 
17	18	39	1 1 0 0 
31	34	49	1 1 1 1 
170	173	24	0 0 1 1 
187	195	41	1 1 1 1 
14	23	29	0 1 1 1 
125	132	47	1 0 1 0 
187	194	38	1 1 0 0 
118	121	29	0 0 0 1 
140	148	32	1 0 1 1 
104	108	10	1 0 1 1 
198	207	47	0 1 1 1 
219	219	17	1 1 1 1 
61	61	12	1 0 1 0 
19	24	15	0 1 0 1 
241	247	44	0 0 0 1 
40	47	14	1 0 1 0 
105	109	2	1 1 1 0 
74	76	0	0 0 1 0 
149	157	22	1 0 1 1 
104	108	20	1 0 0 1 
194	202	8	1 1 0 1 
44	51	21	1 1 1 1 
250	259	5	1 0 1 0 
160	169	49	0 0 0 1 
196	201	22	0 1 0 1 
36	37	16	1 1 1 1 
26	29	39	1 0 0 0 
189	194	9	1 1 1 0 
153	161	42	0 0 0 1 
182	188	21	1 1 1 0 
27	33	30	1 1 0 0 
106	111	43	0 1 0 0 
42	43	50	0 0 0 0 
84	86	14	0 0 0 0 
49	52	24	0 0 1 0 
75	83	43	1 0 0 1 
236	241	26	1 0 0 1 
229	237	37	0 0 1 1 
239	246	35	1 1 1 0 
112	115	26	0 0 1 1 
101	105	24	0 0 1 0 
85	93	3	0 0 1 1 
16	22	16	0 1 1 1 
107	115	12	0 0 0 0 
120	128	9	1 0 1 0 
231	234	19	0 0 0 0 
19	20	37	1 1 1 0 
149	157	15	0 1 1 0 
153	156	9	1 0 1 1 
209	211	28	0 1 0 1 
209	216	36	0 1 0 0 
241	241	15	1 0 1 0 
145	149	1	1 1 1 0 
158	160	47	0 0 0 1 
44	45	18	0 0 1 1 
29	37	42	1 0 0 0 
239	242	15	1 0 0 0 
183	191	2	1 0 0 0 
76	78	25	1 1 1 1 
26	28	24	1 0 0 0 
145	145	39	1 0 1 1 
10	14	15	0 0 0 1 
36	40	26	0 1 0 1 
64	73	32	1 1 0 1 
193	193	15	1 1 0 1 
157	163	16	0 0 0 1 
98	105	11	1 0 1 1 
16	22	39	0 0 0 1 
224	228	27	0 1 0 0 
38	43	22	1 0 0 0 
65	65	32	0 1 0 1 
75	81	37	0 1 1 1 
84	85	13	1 0 1 1 
236	241	38	0 1 1 1 
0	0	48	0 1 0 0 
91	99	42	0 1 0 1 
105	106	37	0 0 0 1 
1	10	30	1 1 0 0 
10	11	15	0 0 0 0 
81	89	28	1 1 0 1 
117	119	14	1 0 0 1 
242	242	43	0 0 1 0 
201	208	29	0 1 1 1 
40	43	13	1 0 0 0 
89	94	44	1 1 0 1 
244	244	11	0 1 1 0 
15	15	31	1 1 1 1 
25	28	37	0 1 1 1 
38	43	33	0 0 1 0 
98	105	17	1 1 1 0 
238	247	9	0 1 1 0 
173	181	49	0 0 0 1 
206	210	39	1 1 1 1 
85	94	35	1 0 1 1 
62	66	37	0 0 1 0 
50	52	2	1 1 1 0 
89	97	0	0 1 1 0 
219	227	13	1 0 0 1 
207	208	44	0 0 0 0 
205	206	11	0 1 0 0 
158	159	20	0 0 1 1 
246	251	7	0 1 1 1 
34	41	35	1 0 0 1 
111	113	6	1 0 1 1 
44	51	43	1 1 1 1 
12	15	4	0 0 1 0 
191	194	38	1 0 0 0 
147	154	25	0 1 0 0 
224	227	18	1 0 0 0 
240	248	17	1 0 0 0 
119	121	39	0 1 0 0 
202	205	15	1 0 0 1 
107	109	23	0 1 1 1 
204	204	35	1 1 0 0 
114	119	49	1 0 1 0 
70	71	39	0 1 0 1 
62	69	9	0 1 1 0 
175	180	11	1 0 0 0 
162	171	37	1 0 0 0 
97	102	37	0 1 0 0 
150	154	1	0 1 0 0 
32	40	15	0 1 0 1 
186	191	4	1 0 1 0 
68	68	35	0 0 1 1 
246	253	37	1 1 1 1 
115	118	31	0 0 1 1 
218	220	9	0 0 1 1 
214	218	47	0 1 1 1 
103	105	33	0 1 1 1 
68	73	34	1 0 1 1 
93	99	49	1 0 1 1 
90	99	39	0 0 0 1 
140	148	33	0 1 1 0 
35	38	21	1 0 1 0 
230	233	27	1 0 1 1 
123	125	35	0 0 1 0 
163	166	10	1 0 0 0 
91	94	41	0 1 1 1 
71	75	29	1 1 1 0 
246	248	43	1 1 0 1 
141	148	45	1 1 1 1 
113	115	41	0 1 1 1 
80	87	37	1 0 0 0 
83	89	41	1 0 1 0 
102	109	41	0 1 0 0 
84	84	14	1 0 0 0 
242	251	46	1 1 0 1 
223	223	28	0 1 1 1 
169	177	47	0 1 1 1 
173	179	6	0 0 0 0 
133	138	44	1 0 1 1 
117	123	50	1 1 0 0 
86	89	19	0 1 1 1 
85	89	33	0 0 1 1 
20	23	21	0 1 1 1 
59	59	50	0 0 1 1 
234	235	30	1 1 1 1 
126	126	47	0 0 1 0 
27	31	8	0 1 1 1 
137	142	23	1 1 0 1 
111	116	30	0 1 0 1 
61	68	10	0 0 0 1 
198	203	27	0 0 1 0 
176	184	18	0 1 0 1 
127	129	43	0 0 1 0 
8	17	0	1 0 1 1 
116	120	47	1 0 0 1 
115	115	0	0 1 0 0 
126	126	1	1 0 0 0 
196	202	27	1 0 1 0 
186	187	13	1 0 0 0 
67	70	40	0 1 0 1 
8	12	50	1 1 1 0 
62	68	46	0 1 0 0 
158	164	25	1 0 0 1 
87	94	8	1 0 0 1 
41	43	21	1 0 1 1 
226	232	8	0 1 1 1 
150	154	28	0 0 0 0 
8	12	22	1 1 1 1 
228	229	2	1 1 0 0 
12	14	47	1 1 0 1 
179	179	47	1 1 0 0 
192	192	22	1 0 1 0 
200	209	33	1 0 0 0 
142	150	30	0 0 1 1 
224	231	34	1 1 1 0 
81	85	27	1 0 0 1 
241	248	47	1 1 0 0 
155	161	26	0 0 0 0 
40	47	18	0 0 0 0 
217	218	32	1 1 1 0 
66	67	15	0 1 0 0 
8	13	3	0 1 0 0 
116	118	39	0 1 0 1 
38	47	10	1 0 0 0 
236	242	9	1 1 0 1 
41	49	45	1 0 1 0 
54	54	44	1 1 0 0 
238	240	47	0 0 0 1 
160	161	22	0 0 0 0 
73	73	25	1 1 1 1 
146	155	43	1 0 0 1 
0	8	26	0 0 0 0 
0	8	42	1 1 1 0 
146	154	22	1 1 0 1 
118	119	22	0 1 1 0 
16	22	2	0 0 0 1 
117	121	44	1 0 1 1 
33	33	42	1 1 0 1 
194	194	47	1 0 0 1 
184	187	2	1 0 0 0 
65	73	33	0 1 0 0 
162	167	21	1 1 0 1 
8	8	26	1 0 0 0 
28	37	39	1 0 1 0 
169	177	37	0 0 0 1 
94	97	48	0 1 0 0 
29	29	38	1 0 1 1 
187	187	20	0 1 0 1 
200	203	3	1 0 0 1 
239	248	30	0 1 1 1 
227	230	19	1 0 1 0 
206	208	50	0 1 1 0 
242	247	16	1 0 0 0 
213	221	26	0 1 1 1 
41	45	42	1 1 0 0 
100	102	48	1 0 0 0 
43	46	12	0 0 1 0 
111	111	38	1 1 0 1 
242	251	1	1 0 1 1 
141	150	46	0 0 1 1 
2	5	46	1 0 0 1 
250	257	4	1 0 0 1 
74	75	48	1 1 0 1 
117	124	40	1 1 0 1 
55	58	17	1 0 0 1 
29	30	1	0 1 0 0 
187	194	27	1 0 0 1 
201	209	4	1 0 1 1 
127	127	29	1 1 0 1 
214	218	30	0 1 0 0 
155	155	42	1 0 1 1 
91	93	30	0 0 0 0 
111	113	1	0 1 0 0 
29	37	20	0 1 0 1 
245	246	22	1 1 1 1 
80	80	15	0 0 0 0 
188	195	28	1 0 1 1 
86	95	26	0 1 1 1 
229	231	34	1 0 0 0 
28	34	18	0 0 1 0 
217	217	6	0 0 1 0 
249	250	35	1 1 0 0 
34	43	28	1 1 0 1 
169	172	40	0 0 0 0 
244	253	43	0 1 1 0 
153	161	34	1 0 0 0 
213	218	42	0 0 0 1 
96	105	15	1 1 0 0 
240	240	13	1 1 0 0 
108	108	48	0 1 1 0 
181	190	42	0 0 0 1 
122	123	23	1 1 1 0 
217	226	3	0 1 0 1 
29	37	42	1 0 1 1 
43	48	50	0 1 1 1 
116	123	41	0 0 0 0 
167	173	5	1 0 1 0 
3	5	12	1 1 1 1 
176	176	33	1 0 1 0 
119	128	17	1 0 0 1 
82	91	40	1 1 1 1 
218	220	0	0 1 1 0 
75	83	13	0 1 0 0 
162	164	5	1 0 1 1 
188	189	40	0 1 0 1 
222	225	25	1 1 1 0 
23	30	22	0 1 0 1 
89	89	2	1 1 0 1 
199	206	8	0 0 0 1 
15	19	39	0 0 1 0 
215	218	29	1 0 1 1 
22	29	28	0 0 1 0 
178	187	9	0 1 0 1 
132	139	33	1 0 0 0 
27	33	21	0 0 1 1 
71	74	0	0 1 1 1 
6	14	49	1 0 1 1 
248	255	10	1 1 0 1 
21	28	22	1 0 1 1 
241	247	33	0 0 0 1 
135	144	45	0 0 1 0 
62	71	39	0 0 1 1 
152	153	20	0 0 1 1 
122	127	0	1 0 0 1 
232	234	1	0 1 1 0 
70	72	48	0 0 1 1 
44	47	48	0 1 1 0 
5	9	46	1 0 0 1 
111	116	17	1 1 0 0 
125	126	50	0 1 0 0 
31	35	3	1 0 1 0 
101	101	47	1 1 1 1 
226	230	38	1 1 0 0 
84	93	20	1 1 0 1 
90	96	42	0 0 1 1 
79	84	30	0 1 0 1 
163	164	1	1 0 1 1 
165	174	18	0 1 1 0 
29	36	7	1 0 0 1 
114	119	50	1 1 1 1 
13	14	1	0 1 1 0 
89	98	2	0 0 1 1 
36	37	18	1 0 1 0 
39	45	41	1 0 0 1 
120	126	13	1 1 1 1 
15	17	3	0 0 0 1 
39	45	13	1 1 1 0 
27	33	24	1 1 0 1 
49	53	50	0 0 0 0 
117	121	10	1 1 0 1 
73	77	25	0 0 1 0 
46	48	14	1 0 1 0 
33	36	14	1 0 1 1 
91	94	29	1 1 1 0 
225	231	38	1 1 0 1 
87	88	28	1 0 1 1 
216	216	12	0 1 1 1 
221	225	31	0 0 0 0 
92	101	4	1 0 0 0 
137	143	1	1 0 1 1 
184	185	22	1 1 1 0 
26	33	6	1 1 0 1 
146	151	9	1 1 1 0 
83	85	20	0 0 0 0 
59	65	30	0 1 1 1 
69	77	13	0 1 1 1 
165	174	48	1 1 0 1 
98	107	16	0 1 1 0 
37	37	21	1 0 1 1 
102	105	38	1 0 1 0 
102	111	35	1 1 1 1 
67	70	50	0 1 1 0 
116	124	26	0 0 0 1 
31	32	33	1 0 0 1 
179	187	30	0 1 0 1 
40	49	27	0 0 1 0 
100	106	9	1 0 1 0 
6	9	46	0 0 1 0 
151	154	31	0 0 1 1 
169	169	3	1 0 1 1 
1	5	46	0 1 0 0 
107	111	5	1 0 1 1 
249	249	41	0 1 1 0 
167	173	21	1 1 1 1 
232	238	12	1 1 0 0 
178	181	8	1 1 1 0 
115	121	19	0 1 0 0 
69	76	21	1 1 0 1 
174	174	48	0 1 1 0 
92	96	20	0 0 1 1 
53	60	30	0 0 1 0 
162	162	36	0 0 1 0 
229	232	43	1 0 1 1 
25	28	45	0 1 1 0 
149	152	49	0 0 1 0 
85	87	15	1 0 1 1 
67	68	48	1 1 1 1 
178	182	8	1 0 1 0 
71	77	37	0 1 1 0 
41	48	27	0 1 1 1 
25	33	47	0 0 0 0 
216	219	37	0 1 0 1 
243	243	12	1 1 0 0 
147	155	38	0 0 1 1 
177	184	18	0 1 0 1 
242	243	40	1 1 0 1 
210	218	10	0 1 0 0 
223	225	36	0 0 0 1 
202	207	0	1 0 0 1 
130	130	43	1 1 0 0 
214	216	2	0 0 0 0 
246	253	26	1 0 0 0 
5	12	5	0 1 0 1 
69	75	31	1 0 0 0 
53	62	9	1 0 0 1 
96	100	19	1 0 0 0 
241	246	38	0 1 0 0 
67	67	38	0 1 0 0 
7	9	47	1 1 1 1 
211	219	42	1 0 0 1 
20	23	0	0 0 1 0 
169	171	39	0 1 1 0 
211	213	36	1 1 1 0 
143	148	50	0 1 0 0 
123	129	7	1 1 0 0 
162	167	45	1 1 0 1 
41	45	50	0 0 0 1 
99	107	49	1 1 0 1 
7	9	11	0 1 0 1 
168	177	35	0 0 0 0 
108	115	7	1 0 0 0 
79	88	41	0 1 1 1 
121	129	21	1 1 1 1 
211	215	21	1 0 1 1 
104	104	21	0 1 1 0 
231	234	4	1 0 1 0 
198	199	21	1 0 1 1 
241	248	19	1 1 0 0 
152	152	43	1 0 0 0 
138	139	45	1 1 1 0 
177	179	50	1 1 0 0 
135	140	47	1 1 0 1 
136	140	18	1 0 0 0 
92	94	1	0 0 1 1 
188	196	27	1 0 0 1 
5	10	1	1 1 0 0 
160	160	40	1 0 0 1 
43	47	24	0 0 0 1 
191	199	16	0 0 0 1 
164	172	37	0 1 0 1 
134	142	21	1 0 1 0 
216	216	6	1 0 1 1 
186	192	27	1 0 1 1 
225	231	15	1 1 1 1 
112	119	25	0 0 1 0 
34	43	30	1 1 0 1 
154	155	23	1 1 0 0 
61	69	36	0 1 1 0 
60	66	45	1 1 0 1 
170	179	23	1 1 1 0 
24	33	27	0 1 0 0 
236	237	50	1 1 1 1 
93	98	37	0 0 1 1 
20	21	7	0 0 1 0 
94	99	17	1 1 0 1 
244	251	28	1 1 1 0 
80	80	29	1 0 1 0 
2	9	42	0 1 1 1 
176	178	21	0 1 0 0 
185	186	50	0 0 0 0 
233	237	7	0 1 1 1 
237	238	39	0 0 0 0 
202	209	17	1 0 0 1 
242	243	25	0 0 0 0 
8	15	17	1 1 1 0 
214	216	10	1 1 1 0 
210	212	23	0 0 0 0 
197	206	24	1 1 0 0 
142	147	45	1 1 0 0 
188	192	4	0 0 1 0 
182	186	39	0 0 1 0 
241	245	37	1 1 0 1 
210	216	46	0 1 0 0 
44	47	13	0 1 0 0 
34	34	1	0 0 0 1 
126	129	0	1 0 0 1 
96	96	27	0 1 1 1 
211	215	29	0 1 1 0 
224	231	13	0 0 0 1 
101	102	43	0 1 0 0 
122	124	33	0 0 0 0 
28	30	1	1 1 0 0 
94	103	1	0 1 0 1 
36	41	42	1 0 1 0 
90	94	24	0 0 0 1 
19	23	3	0 1 1 0 
105	107	48	0 0 1 1 
247	247	36	1 0 1 1 
26	26	30	1 0 1 0 
103	106	37	1 0 1 1 
203	206	46	1 0 1 1 
209	210	44	0 1 0 1 
47	48	3	1 1 1 1 
149	158	8	0 1 1 0 
96	97	43	1 1 0 1 
117	122	47	1 0 0 0 
164	164	33	1 0 1 0 
80	89	38	1 0 0 0 
244	253	2	1 1 1 1 
122	128	44	0 0 1 1 
216	221	45	0 1 1 0 
149	154	25	0 0 1 1 
248	250	22	1 1 1 0 
53	54	32	0 1 0 0 
65	67	48	0 1 1 1 
216	224	48	0 1 1 0 
9	9	19	0 0 0 0 
160	169	15	0 1 0 0 
56	58	2	1 1 1 1 
3	5	20	1 0 1 0 
63	72	22	1 1 0 0 
36	42	44	0 1 0 0 
78	82	37	1 0 1 0 
59	60	12	0 0 0 1 
118	122	34	0 1 0 1 
237	243	41	0 0 1 0 
30	34	24	0 1 1 1 
108	114	26	0 0 1 1 
208	215	49	1 1 1 0 
95	102	49	1 1 0 1 
56	56	47	1 0 1 0 
55	57	29	0 0 1 1 
241	241	1	1 0 0 0 
129	130	11	1 0 1 1 
240	242	48	0 0 1 0 
191	191	48	0 1 0 0 
231	240	27	0 0 0 1 
70	71	17	0 0 1 1 
102	109	37	1 1 0 0 
23	28	31	0 1 1 1 
49	51	10	0 0 1 1 
55	62	45	0 0 1 1 
83	90	35	1 1 1 0 
43	52	5	1 0 0 0 
196	204	41	1 1 0 0 
185	190	14	1 1 1 1 
183	187	1	0 1 1 1 
175	177	30	1 1 1 1 
136	143	47	1 1 1 0 
100	104	24	0 0 0 0 
232	241	22	0 1 1 0 
18	20	29	0 0 0 1 
165	166	27	1 0 1 1 
55	63	35	0 0 0 1 
235	235	50	0 0 1 1 
17	23	24	1 0 1 1 
7	13	50	1 0 0 0 
172	180	43	1 1 0 0 
154	155	3	0 1 0 0 
63	68	41	1 0 1 0 
217	222	29	0 1 0 0 
141	146	24	0 0 1 1 
191	198	21	1 1 0 0 
18	19	14	1 0 1 1 
96	99	37	1 1 0 0 
40	47	36	1 1 1 0 
41	50	16	0 0 0 0 
61	66	34	1 1 1 0 
83	87	21	1 1 1 1 
75	77	24	0 0 0 1 
159	165	18	0 0 0 0 
31	37	46	0 0 1 1 
220	227	26	0 1 1 1 
13	20	3	0 0 1 1 
239	244	33	0 1 1 1 
133	139	12	0 1 0 1 
216	219	12	0 1 0 1 
93	96	15	1 1 0 1 
178	181	42	0 0 0 0 
89	91	46	1 0 0 0 
186	194	38	1 1 0 0 
200	208	2	1 0 0 1 
70	73	3	1 0 1 0 
110	119	50	1 0 0 1 
23	31	24	0 1 1 0 
84	88	3	1 1 0 1 
208	208	32	1 1 1 1 
20	20	2	1 0 1 1 
33	40	46	1 0 1 1 
17	21	28	1 1 1 0 
103	104	41	0 0 0 0 
226	232	9	0 0 0 0 
84	85	32	0 0 0 0 
168	168	30	0 1 0 1 
197	206	37	1 0 1 0 
183	192	7	0 1 1 1 
154	161	49	1 0 1 0 
38	45	37	0 1 0 0 
190	194	34	1 0 0 1 
152	153	1	0 1 1 0 
157	162	19	1 0 1 1 
107	116	29	0 0 0 1 
196	203	46	0 0 0 0 
127	136	18	0 1 0 1 
243	246	27	0 1 0 0 
131	139	47	1 1 0 1 
175	182	48	1 0 0 1 
121	130	34	0 0 1 0 
151	154	20	1 1 1 0 
3	12	35	1 1 0 1 
80	85	12	1 1 0 1 
149	154	38	1 1 1 1 
64	64	20	0 1 0 1 
120	128	48	1 1 1 0 
14	18	17	0 1 1 1 
212	218	43	1 0 0 1 
90	95	47	0 0 0 0 
175	183	42	1 0 1 0 
147	153	21	1 0 1 0 
136	143	7	1 1 0 0 
175	177	11	1 1 1 0 
232	233	44	0 1 1 0 
173	181	44	0 1 0 0 
236	245	28	1 0 0 1 
89	89	41	0 1 0 1 
215	221	9	1 1 0 1 
69	78	44	0 0 0 1 
70	79	11	0 1 0 1 
176	183	49	1 1 1 1 
13	20	1	1 0 0 1 
58	65	26	0 0 0 1 
53	54	24	0 1 0 0 
100	108	12	0 1 0 0 
109	113	36	0 1 0 0 
184	190	24	1 1 1 1 
150	158	44	0 0 0 1 
218	224	33	0 1 1 0 
85	92	49	1 0 1 0 
162	168	0	0 1 0 1 
30	37	32	0 0 0 0 
171	178	33	1 0 0 0 
132	134	12	1 0 0 1 
185	188	46	1 1 1 0 
214	214	49	1 0 0 1 
180	185	5	0 1 0 1 
215	221	21	0 1 1 1 
247	249	13	0 1 1 0 
231	235	8	1 1 0 1 
99	102	7	0 1 1 0 
148	152	23	0 1 1 1 
207	215	14	1 0 0 0 
148	155	23	0 1 0 1 
68	71	18	0 1 1 1 
136	139	41	1 1 0 1 
11	19	31	0 1 1 0 
187	192	11	1 0 0 1 
247	248	48	0 0 1 0 
218	221	48	1 1 0 1 
58	66	15	0 0 0 1 
60	64	39	1 0 0 1 
3	6	8	0 1 1 0 
131	132	36	1 0 0 1 
209	217	0	1 1 1 1 
9	13	22	1 0 1 0 
12	14	36	0 0 1 0 
45	47	23	0 0 1 1 
8	15	44	0 0 0 0 
32	37	16	1 1 1 1 
77	84	32	1 1 0 1 
118	121	31	0 1 1 0 
155	158	15	1 1 1 1 
233	235	7	1 1 1 0 
13	16	43	1 0 0 1 
210	217	16	1 1 0 1 
36	38	18	0 0 0 0 
240	242	18	1 1 0 0 
106	114	13	1 1 0 1 
93	101	21	1 1 1 1 
227	235	46	1 1 1 0 
147	152	7	0 0 1 1 
158	161	47	1 1 0 0 
238	243	3	0 1 1 1 
182	188	1	1 0 1 0 
97	106	25	1 1 1 1 
195	195	50	0 0 1 1 
199	204	24	1 1 1 0 
173	182	44	0 0 1 0 
200	206	26	0 1 0 0 
54	58	28	1 1 1 0 
125	129	42	0 0 1 0 
19	23	26	1 1 0 1 
121	125	8	0 1 0 0 
154	161	0	1 0 1 1 
135	135	44	0 0 0 0 
217	225	12	0 0 1 0 
95	98	10	0 1 0 0 
149	156	8	0 1 1 0 
144	148	3	1 1 0 0 
133	141	19	1 0 1 1 
206	215	37	0 0 1 0 
0	7	18	0 1 1 0 
184	192	39	0 1 1 0 
21	27	5	0 1 0 1 
141	141	20	0 1 0 1 
183	191	50	0 0 1 0 
43	45	44	0 0 1 1 
213	221	5	1 1 1 0 
250	256	11	1 0 1 0 
85	91	9	1 1 0 1 
102	108	12	0 1 0 1 
113	121	8	0 1 1 1 
57	66	22	1 1 0 0 
55	59	33	0 0 1 0 
176	180	5	0 0 1 1 
222	230	43	1 1 1 0 
3	9	3	0 0 1 0 
97	106	4	0 0 1 1 
106	110	34	1 1 1 0 
234	243	41	0 1 0 0 
165	167	24	0 0 1 0 
182	190	17	0 0 0 0 
51	60	41	1 0 0 0 
117	124	14	0 0 0 1 
31	40	3	0 1 1 1 
27	33	49	1 1 1 1 
142	143	37	1 0 1 1 
231	236	26	0 0 0 0 
7	11	40	0 1 0 1 
194	194	10	1 1 0 1 
128	134	30	0 0 0 0 
77	80	31	0 0 1 1 
35	42	33	0 1 1 0 
67	69	28	1 0 0 1 
93	94	21	1 0 0 1 
202	202	47	1 1 0 1 
58	62	20	1 0 1 1 
118	125	40	0 0 1 1 
105	108	12	0 1 1 1 
161	166	27	0 1 0 0 
164	173	14	0 1 0 0 
174	182	9	0 1 0 1 
100	101	3	1 1 1 0 
108	109	31	1 0 0 0 
19	27	25	0 1 1 0 
14	17	48	1 1 1 1 
234	240	27	0 0 0 0 
24	26	5	1 1 0 0 
78	83	8	0 0 1 0 
154	163	49	1 1 0 1 
210	218	23	0 0 1 1 
218	223	1	0 1 1 0 
223	231	48	1 0 1 0 
97	106	27	0 1 0 1 
181	186	30	0 0 0 1 
107	108	17	1 0 0 0 
182	191	35	1 0 1 0 
171	179	11	1 0 0 0 
146	149	48	0 1 1 1 
84	85	1	1 0 1 0 
31	34	5	0 1 0 0 
146	149	1	1 0 0 0 
201	210	47	1 0 0 0 
152	153	6	0 1 1 0 
193	198	40	0 0 0 1 
157	157	9	1 1 0 1 
153	156	1	0 0 0 1 
226	229	40	0 0 0 0 
61	69	10	1 0 0 0 
176	179	42	1 1 1 0 
199	200	40	0 1 0 1 
164	165	11	1 1 0 1 
132	135	23	0 0 0 0 
86	89	43	0 0 0 1 
56	56	35	0 0 1 0 
102	106	34	0 0 1 1 
60	62	33	1 1 0 1 
129	130	46	0 1 1 1 
109	110	11	1 0 1 0 
192	197	44	0 1 0 0 
83	88	31	1 0 0 1 
132	136	26	1 1 0 0 
45	51	6	0 1 0 1 
76	83	15	0 1 1 0 
204	204	32	1 0 1 1 
208	212	49	1 0 1 0 
77	86	10	0 0 0 0 
93	99	12	0 1 1 0 
143	148	19	1 1 0 1 
223	231	34	1 0 0 1 
44	52	40	1 1 1 1 
166	173	35	1 0 0 0 
18	21	12	1 1 0 0 
226	235	2	1 0 1 0 
219	219	24	1 1 0 0 
166	174	37	1 1 1 0 
36	43	24	1 0 0 0 
63	67	38	1 0 0 1 
43	47	8	1 0 0 1 
242	247	1	1 0 0 0 
133	139	3	0 1 1 1 
190	191	46	0 1 1 0 
106	114	38	0 0 1 1 
8	16	5	0 0 0 0 
79	83	41	0 1 0 0 
126	130	0	1 1 1 1 
131	131	26	1 0 0 1 
59	60	16	0 1 1 0 
81	89	43	1 1 0 0 
183	192	12	1 0 1 1 
240	249	36	0 0 0 1 
16	17	17	1 0 1 0 
185	194	17	1 1 0 0 
91	99	37	0 0 0 0 
226	231	1	0 0 1 0 
89	96	34	0 0 1 1 
65	65	47	1 0 1 1 
183	192	34	1 1 1 0 
163	165	36	1 0 0 1 
250	256	34	0 0 0 1 
100	102	22	0 1 0 0 
85	85	48	1 1 0 0 
102	104	36	0 0 0 1 
186	193	35	1 1 1 0 
38	42	1	0 1 1 1 
98	107	6	0 1 1 0 
28	29	25	0 1 1 1 
135	140	43	1 1 1 1 
161	163	40	0 0 0 1 
247	255	31	1 0 1 0 
1	6	47	1 0 1 0 
61	65	27	0 0 1 0 
212	212	16	0 0 0 1 
244	251	37	0 1 1 0 
159	159	45	1 0 1 1 
139	147	35	0 1 0 0 
186	192	3	0 0 1 1 
62	64	50	1 0 1 0 
33	38	46	0 1 1 1 
106	114	48	1 0 0 1 
93	102	21	0 0 0 0 
10	11	5	0 0 1 0 
46	46	34	1 0 0 0 
195	203	10	0 1 1 0 
19	19	14	1 1 0 0 
250	257	28	0 1 0 0 
218	223	21	0 1 1 0 
208	217	18	0 0 1 1 
203	212	40	1 0 0 0 
152	153	45	1 1 0 1 
204	212	17	0 1 1 1 
172	177	1	0 1 0 0 
68	70	41	0 0 1 0 
168	170	4	0 0 0 0 
24	24	38	1 1 1 1 
37	42	29	1 1 0 0 
19	23	12	0 0 1 0 
141	141	22	0 1 0 1 
250	258	18	0 0 0 1 
211	220	7	1 1 0 0 
167	169	13	1 1 0 1 
247	252	0	0 1 1 1 
58	67	29	0 0 0 1 
125	125	32	1 0 0 1 
128	135	7	0 0 0 1 
208	216	46	0 1 0 0 
97	106	3	1 0 0 1 
40	41	40	0 1 1 0 
63	63	36	1 1 1 1 
76	81	7	0 0 0 0 
38	39	30	1 0 0 0 
88	97	36	1 0 0 0 
204	212	46	1 1 0 0 
248	256	42	1 1 1 1 
115	115	9	0 1 1 0 
58	66	29	1 1 0 0 
151	158	47	0 0 0 1 
155	163	17	0 0 0 0 
71	76	46	0 0 0 1 
145	148	1	0 1 1 0 
242	248	48	0 1 0 1 
106	113	44	0 0 0 0 
12	21	46	1 1 0 1 
82	82	49	0 0 1 1 
129	132	10	0 1 0 0 
181	190	11	1 1 0 0 
195	198	10	0 0 1 0 
92	95	21	1 1 0 0 
136	138	8	0 1 0 1 
62	65	49	0 0 0 1 
171	177	2	1 1 0 1 
145	148	2	1 0 1 1 
212	221	46	1 1 0 0 
58	58	27	0 1 1 1 
38	42	8	1 0 0 0 
9	16	32	0 1 1 1 
63	69	5	1 0 1 1 
79	83	36	0 0 0 0 
169	177	3	0 0 0 0 
41	45	1	0 0 1 0 
211	214	20	0 1 1 0 
85	91	28	1 1 0 1 
198	207	49	0 1 1 0 
197	201	38	1 1 0 1 
96	101	37	1 0 1 0 
2	5	48	0 1 1 1 
237	244	37	1 1 0 1 
148	151	2	0 0 1 1 
206	215	35	0 1 0 1 
176	179	20	0 1 1 1 
160	163	10	0 0 1 1 
196	201	4	1 0 1 0 
78	83	3	1 0 0 0 
190	193	29	0 1 1 0 
201	206	43	0 0 0 1 
150	159	11	0 1 0 1 
39	48	12	1 1 1 0 
38	42	18	0 0 1 1 
202	210	48	0 1 0 1 
66	70	13	0 1 1 1 
148	148	12	0 0 1 0 
90	92	5	1 0 0 1 
154	154	44	1 1 0 0 
190	194	50	0 0 0 1 
138	147	47	1 0 0 0 
5	7	9	0 0 1 1 
144	152	21	0 1 0 1 
86	89	49	0 0 1 1 
69	70	40	1 0 1 1 
198	205	16	0 0 1 1 
248	252	30	0 0 0 1 
138	147	25	0 1 1 1 
82	84	46	0 1 1 1 
39	47	11	1 1 0 1 
122	124	46	0 1 1 1 
161	169	24	1 1 1 1 
177	177	28	1 1 1 0 
53	60	44	1 0 0 1 
195	200	46	0 1 1 0 
133	140	46	1 1 1 1 
161	161	37	1 1 0 1 
55	64	40	0 0 1 0 
56	65	31	0 1 1 0 
140	141	16	0 1 1 0 
49	51	48	0 1 0 1 
229	230	14	0 1 1 0 
183	183	32	0 0 0 0 
61	69	4	0 0 0 0 
54	55	8	1 0 0 0 
40	47	38	0 1 1 0 
67	74	48	1 1 1 1 
235	243	33	1 0 0 1 
23	32	48	1 0 0 0 
37	45	39	1 0 1 0 
69	76	4	0 0 1 0 
226	232	20	0 0 0 0 
38	43	6	0 1 0 0 
86	86	19	1 0 1 1 
14	22	49	1 0 1 1 
195	195	44	0 1 0 0 
102	110	24	1 1 0 1 
200	208	25	0 1 0 1 
229	238	22	1 1 1 1 
250	258	13	0 1 0 1 
56	56	14	0 0 1 1 
212	216	15	0 0 0 1 
204	212	6	1 0 1 1 
29	29	33	1 1 1 0 
157	165	2	0 1 0 0 
192	195	50	0 0 1 0 
241	247	8	1 1 1 1 
67	75	39	1 0 1 0 
100	106	49	0 1 1 1 
132	134	11	0 1 0 0 
187	194	21	0 1 1 0 
8	12	11	0 1 1 1 
24	33	4	1 1 0 1 
118	124	39	1 0 1 1 
41	41	48	0 0 1 1 
174	177	18	0 0 1 1 
23	25	7	1 0 1 0 
112	112	23	0 0 0 1 
87	95	15	0 1 0 1 
212	221	2	0 1 0 1 
0	3	18	1 0 1 1 
230	236	12	1 1 0 1 
136	140	17	0 0 0 1 
108	110	35	1 1 0 1 
56	62	46	1 1 0 0 
127	130	14	1 1 0 0 
55	64	1	1 1 1 1 
21	28	28	0 1 1 1 
205	208	19	1 1 0 1 
9	15	1	0 1 1 1 
211	220	12	0 1 1 0 
235	236	24	1 1 0 0 
57	57	4	1 0 1 0 
3	4	25	1 0 0 0 
38	44	7	0 0 1 0 
140	142	9	0 1 1 1 
172	174	43	0 1 0 0 
17	18	11	0 0 0 0 
1	3	32	0 1 1 1 
198	199	32	1 0 1 1 
133	140	32	1 1 1 1 
68	69	25	1 1 1 0 
95	97	16	0 1 1 0 
190	198	20	1 1 1 0 
47	49	7	1 1 0 0 
165	167	46	1 0 0 1 
175	177	32	0 1 0 1 
166	166	12	1 0 0 0 
101	109	26	1 0 0 1 
38	44	41	0 1 1 1 
1	6	44	0 0 0 1 
52	58	28	1 1 1 0 
166	172	28	0 0 0 1 
225	228	29	0 1 1 1 
199	202	34	0 1 1 0 
163	166	26	0 0 1 0 
116	117	15	1 1 1 0 
68	74	14	1 1 0 1 
149	153	17	0 0 1 1 
239	239	27	0 0 0 1 
14	19	14	0 1 1 1 
9	9	7	0 0 1 1 
231	231	9	1 1 1 0 
193	195	33	0 0 0 0 
12	13	40	0 0 1 0 
24	30	10	1 0 1 1 
222	227	21	0 0 1 1 
122	123	16	1 0 0 1 
154	159	42	0 0 1 1 
231	237	12	0 0 1 0 
154	162	49	0 0 0 1 
215	217	22	1 1 0 0 
132	134	4	1 0 1 1 
107	114	5	1 1 0 0 
183	189	2	0 0 1 1 
164	169	21	1 0 1 0 
118	120	48	1 1 0 1 
158	164	50	1 0 0 1 
197	204	35	1 1 0 0 
61	64	1	0 1 1 1 
3	10	17	1 1 1 0 
109	116	46	1 0 1 0 
126	130	6	1 1 1 1 
142	145	47	1 1 0 0 
112	117	14	1 1 1 0 
73	81	23	0 1 0 1 
162	166	40	0 0 1 1 
19	20	23	1 0 1 1 
98	101	36	1 1 1 1 
78	78	35	1 0 1 1 
149	154	17	1 1 1 0 
164	173	20	1 1 0 0 
148	151	13	0 0 1 1 
234	237	48	0 1 0 1 
2	7	28	1 1 0 0 
195	202	50	1 1 1 1 
245	247	46	1 0 1 1 
125	131	1	0 0 0 1 
227	228	12	0 0 0 1 
31	36	38	0 1 0 0 
134	139	42	0 1 1 1 
109	115	15	1 0 0 0 
56	65	6	1 0 1 1 
118	119	49	1 0 0 1 
177	186	39	0 1 0 0 
134	139	13	0 1 1 1 
171	172	13	1 0 1 0 
178	185	30	1 1 1 1 
91	91	14	1 0 1 0 
206	213	16	0 1 1 1 
154	158	41	1 0 0 0 
246	248	4	1 1 1 0 
109	112	1	1 0 0 0 
95	97	8	0 0 0 0 
33	34	20	1 1 0 0 
96	100	17	0 1 0 1 
57	59	2	1 0 1 1 
6	6	13	1 1 0 0 
3	7	17	1 1 1 0 
80	87	48	0 1 0 1 
99	106	35	0 1 1 1 
206	211	7	0 1 1 1 
54	62	8	0 1 0 1 
191	197	0	1 0 0 1 
150	150	38	0 0 0 1 
70	71	45	0 1 0 1 
91	95	18	1 1 1 1 
50	54	50	0 1 0 1 
222	228	23	1 0 1 1 
27	34	44	1 1 1 0 
181	184	36	1 1 0 1 
216	218	23	1 1 0 0 
52	52	46	1 0 0 0 
96	98	12	1 0 0 0 
105	109	2	1 1 1 0 
108	110	40	0 0 1 0 
6	6	4	0 0 0 1 
19	21	46	0 0 1 1 
134	142	23	1 1 1 1 
159	165	7	1 1 0 0 
4	8	21	1 1 0 1 
213	215	3	0 1 0 0 
5	12	35	0 0 0 0 
8	11	50	0 1 1 1 
75	81	9	0 1 1 0 
116	124	15	1 1 0 0 
54	56	30	1 1 0 1 
179	188	5	0 0 1 1 
49	58	5	0 1 0 1 
21	23	12	0 1 0 0 
88	96	35	0 0 0 1 
191	192	23	0 0 1 1 
130	136	46	1 1 0 0 
165	165	6	1 0 1 0 
178	183	35	0 1 0 0 
146	147	16	0 0 0 0 
16	23	27	1 0 0 1 
96	102	9	0 0 0 1 
166	173	13	1 0 1 0 
203	207	7	1 1 1 0 
62	69	46	1 0 1 0 
91	99	1	0 0 0 0 
124	126	20	1 1 0 1 
98	106	29	0 1 1 0 
125	129	42	1 1 1 0 
5	13	26	0 0 0 1 
228	237	32	0 0 1 1 
144	149	14	0 0 1 0 
179	179	20	1 0 0 0 
159	168	50	0 0 0 1 
86	94	4	0 0 0 0 
56	56	26	1 1 1 1 
218	220	31	0 0 1 1 
166	172	7	0 1 1 0 
62	66	6	0 0 1 1 
171	176	45	0 0 1 1 
146	151	41	0 1 0 1 
83	91	42	0 1 1 1 
140	143	35	0 0 1 0 
239	239	35	1 1 0 0 
110	117	38	1 1 1 0 
215	218	31	0 1 1 0 
115	123	46	1 0 1 1 
36	45	19	0 0 1 1 
218	221	15	0 1 0 1 
88	90	5	1 0 0 1 
170	170	17	1 1 0 0 
147	153	46	0 0 1 1 
37	40	43	0 0 0 0 
228	237	49	1 1 0 0 
51	58	21	1 0 0 1 
87	90	32	1 0 0 0 
48	55	39	0 1 1 0 
72	75	5	0 1 0 0 
229	233	0	1 0 0 1 
96	105	27	1 0 1 1 
71	72	37	1 1 0 0 
139	146	33	1 0 0 0 
54	54	30	0 1 1 1 
169	173	11	1 1 1 1 
193	193	14	1 1 1 1 
124	133	17	1 1 1 1 
99	102	20	0 1 0 0 
160	167	31	0 1 1 0 
93	95	17	0 0 1 0 
76	84	27	0 1 0 0 
63	63	45	1 0 0 1 
240	240	14	1 1 1 0 
165	166	46	0 1 0 0 
186	187	29	0 0 1 1 
60	64	25	0 1 0 1 
75	81	14	0 1 0 1 
6	6	36	0 1 0 0 
249	253	30	0 0 1 0 
212	219	4	0 0 1 0 
33	42	8	0 0 1 0 
115	118	36	0 1 1 1 
214	218	43	0 0 0 0 
9	18	28	1 1 1 0 
201	204	12	0 1 0 0 
43	52	30	0 1 0 1 
125	129	23	0 0 1 1 
170	175	38	1 0 0 0 
213	213	7	0 0 0 0 
127	130	45	1 1 0 1 
239	244	18	0 0 1 0 
153	155	18	0 1 0 0 
207	207	15	1 1 1 1 
66	69	19	0 1 1 1 
104	106	20	1 0 0 1 
223	225	22	1 0 0 0 
135	138	4	0 1 1 0 
196	202	18	1 0 0 0 
114	118	38	0 1 0 0 
53	59	12	1 0 0 0 
165	172	4	0 0 0 1 
144	145	4	0 1 0 1 
114	119	45	1 1 1 1 
109	113	23	1 0 0 1 
195	198	13	1 1 0 1 
203	207	9	0 1 1 0 
28	33	46	0 0 1 0 
19	25	5	0 0 1 1 
215	221	27	1 1 1 1 
64	66	24	0 1 0 1 
29	34	29	0 0 0 1 
184	190	19	0 0 1 1 
152	154	19	0 1 1 0 
100	104	35	0 1 0 0 
163	166	38	0 0 1 0 
180	186	40	0 1 1 0 
212	219	39	1 0 0 1 
130	134	44	1 0 0 1 
168	174	2	0 1 1 0 
217	220	22	1 0 0 1 
61	61	46	0 0 0 0 
168	171	3	1 0 0 1 
158	166	50	0 1 1 1 
210	215	10	0 0 1 1 
212	213	43	1 0 0 1 
170	176	32	0 1 0 1 
196	200	35	1 1 0 0 
130	136	4	1 0 1 0 
156	162	32	1 1 1 1 
81	85	8	0 1 0 0 
202	203	10	1 0 1 1 
191	191	30	1 1 1 1 
102	109	43	0 1 0 0 
203	205	34	1 0 0 0 
73	75	36	0 1 1 0 
158	159	40	0 1 0 0 
125	134	41	1 0 1 0 
102	104	32	1 0 0 0 
45	54	50	1 1 0 1 
234	240	18	0 1 1 0 
182	182	47	0 0 0 0 
21	29	46	1 1 1 0 
79	86	30	1 0 0 1 
170	173	32	0 0 0 1 
127	133	44	0 0 0 0 
216	218	18	1 1 0 0 
28	34	8	0 0 1 1 
194	199	3	0 1 1 1 
249	257	3	1 1 1 0 
120	127	10	0 1 0 0 
181	183	20	1 0 0 0 
160	165	33	0 0 0 0 
32	41	44	0 1 0 1 
20	21	29	1 1 1 0 
241	244	29	1 0 0 0 
22	23	46	0 1 0 0 
137	144	32	1 0 0 1 
203	208	12	1 0 1 0 
54	62	9	1 1 1 0 
188	193	36	0 0 1 0 
150	158	42	1 1 0 1 
227	236	33	0 1 1 1 
78	81	17	0 0 1 0 
128	133	35	0 1 0 1 
47	48	21	0 1 0 1 
169	178	44	0 0 1 1 
52	53	35	1 1 1 0 
132	132	38	1 0 1 0 
19	19	37	1 1 1 0 
222	224	35	1 0 0 0 
200	207	12	1 1 0 1 
185	188	20	0 0 0 0 
195	204	43	1 1 0 1 
71	76	45	0 0 1 0 
162	171	3	0 0 1 0 
36	43	6	0 1 1 1 
180	182	2	0 0 0 0 
151	155	6	0 1 1 0 
209	213	49	1 1 1 1 
157	161	42	0 0 1 0 
202	208	32	0 1 1 1 
122	128	46	0 1 0 0 
48	49	3	1 1 1 1 
112	112	44	0 1 1 1 
9	10	45	1 0 1 0 
42	50	49	1 1 1 1 
181	186	23	0 1 1 0 
232	236	33	0 1 1 0 
21	30	3	1 1 0 1 
43	50	20	0 1 0 0 
205	211	16	1 1 1 1 
146	151	46	1 0 1 1 
157	162	12	0 0 1 1 
192	197	15	0 1 0 1 
168	177	14	0 1 0 0 
7	15	0	1 1 0 0 
212	216	43	0 1 1 0 
120	122	6	0 1 1 1 
160	163	27	1 1 1 1 
155	162	46	0 1 0 0 
118	124	12	0 0 1 1 
71	77	2	0 0 1 0 
163	165	8	1 0 1 0 
127	136	33	0 0 1 1 
171	178	44	0 1 1 0 
245	250	12	0 1 0 0 
174	182	27	1 1 0 0 
51	57	47	1 1 0 1 
77	78	35	1 0 0 0 
48	49	44	1 0 0 0 
146	147	36	0 0 0 1 
213	219	19	0 1 0 1 
44	45	7	0 0 1 0 
49	50	7	0 1 0 0 
124	126	25	1 0 0 1 
133	138	33	0 1 0 0 
29	30	4	1 0 0 0 
4	10	50	0 0 0 1 
211	213	30	1 0 1 0 
188	189	45	0 0 0 0 
238	245	11	0 1 0 1 
241	245	11	1 0 1 0 
112	119	47	1 0 0 0 
37	45	15	0 0 0 1 
233	237	25	0 0 0 1 
32	38	49	0 1 1 1 
167	167	6	0 0 1 1 
10	18	43	0 1 0 0 
137	140	12	1 0 0 0 
182	189	41	1 0 0 0 
218	223	25	0 1 1 0 
156	160	48	0 0 1 1 
243	243	41	0 0 1 1 
188	194	21	0 1 1 0 
223	231	34	0 0 1 1 
29	31	36	0 0 1 0 
247	251	29	0 1 1 1 
73	73	41	0 1 1 1 
71	74	13	1 1 0 0 
131	134	40	1 0 0 1 
161	166	28	0 1 1 0 
142	150	43	1 1 1 0 
27	31	12	1 1 0 0 
200	200	44	0 0 0 0 
60	63	43	0 1 0 0 
80	87	7	1 1 0 1 
117	124	9	0 0 1 1 
156	157	33	0 0 0 1 
168	176	9	0 0 1 0 
3	11	18	0 1 0 0 
137	138	46	1 0 0 0 
144	151	9	0 0 0 0 
192	195	47	0 1 1 1 
179	185	8	1 0 1 0 
168	175	25	1 0 1 0 
125	129	16	1 0 1 1 
26	26	41	0 0 0 1 
38	42	49	0 0 0 0 
44	51	45	0 1 0 0 
131	134	43	0 1 1 1 
11	19	12	1 1 1 1 
211	212	41	0 1 1 0 
243	247	2	1 0 1 1 
169	173	18	0 0 1 1 
54	61	4	1 1 1 1 
1	2	37	1 1 1 1 
54	56	37	0 0 1 0 
23	26	1	0 0 1 0 
35	41	15	0 1 1 0 
187	195	1	1 0 0 0 
171	172	19	0 0 0 0 
147	150	25	0 0 0 1 
88	96	39	1 1 1 1 
80	89	48	0 1 0 0 
234	236	28	1 1 1 0 
67	68	46	1 1 0 0 
125	133	42	1 0 0 1 
73	73	36	0 0 1 0 
79	88	14	0 1 1 0 
173	178	34	1 0 0 0 
39	47	25	1 1 1 0 
31	39	35	1 0 1 0 
203	207	24	0 1 0 1 
106	107	19	0 0 1 1 
78	79	26	1 0 0 1 
94	100	3	1 0 1 0 
243	243	31	1 1 1 0 
157	166	27	0 0 0 0 
87	92	29	0 1 0 0 
16	16	25	1 1 1 0 
52	53	11	1 1 1 1 
15	18	20	1 1 1 1 
50	53	13	1 1 0 0 
25	31	3	1 1 0 1 
168	169	19	1 0 0 1 
208	210	5	0 1 0 1 
157	158	14	0 0 0 1 
214	223	1	0 0 0 0 
35	38	22	0 0 0 1 
83	90	37	0 0 0 1 
168	173	11	1 0 0 1 
150	155	4	1 0 0 0 
250	253	16	1 1 1 0 
165	165	7	0 0 1 1 
41	41	12	0 1 1 1 
1	5	15	1 0 1 1 
245	253	44	1 0 1 1 
238	243	45	1 1 1 0 
208	210	13	0 0 0 0 
237	239	0	0 1 1 0 
220	220	20	0 0 0 0 
175	180	45	1 0 1 0 
77	85	6	0 1 1 1 
137	139	35	0 0 0 0 
77	85	44	1 1 1 1 
133	138	19	1 1 0 0 
234	239	1	0 0 1 1 
98	102	4	0 0 1 1 
224	233	45	1 0 0 1 
61	68	0	1 0 0 0 
107	114	25	0 1 0 0 
118	119	2	0 1 0 1 
155	162	48	0 1 1 1 
207	212	27	0 0 1 0 
67	76	37	1 1 1 0 
245	247	6	0 1 0 0 
10	13	37	1 1 1 0 
232	232	0	0 1 0 0 
185	190	22	1 0 1 0 
196	198	21	1 1 0 1 
164	171	42	0 0 0 0 
0	9	20	1 0 0 0 
88	93	34	1 1 1 1 
193	196	37	1 1 0 0 
126	129	36	0 1 1 0 
44	47	35	1 1 0 1 
239	240	49	0 0 1 0 
141	146	27	0 0 0 0 
64	65	12	1 0 1 0 
218	219	47	1 0 0 1 
16	19	32	0 0 1 0 
153	153	3	0 0 0 0 
248	250	27	1 0 0 0 
238	239	31	0 1 0 0 
4	6	4	1 1 1 0 
244	249	33	0 0 1 0 
192	193	34	1 0 0 1 
37	41	40	1 1 0 1 
155	161	13	1 1 1 1 
233	237	25	1 0 0 0 
78	85	40	1 0 0 0 
71	71	44	0 0 1 0 
98	99	31	1 1 0 0 
23	26	11	1 0 1 0 
58	61	44	0 1 0 1 
99	103	27	0 0 1 0 
71	76	29	1 1 0 1 
29	29	46	0 1 0 0 
184	189	12	1 1 0 1 
93	100	29	0 1 0 0 
122	123	33	0 0 1 0 
208	215	9	1 0 0 0 
84	85	21	1 0 1 0 
147	148	7	1 1 0 0 
228	233	6	0 1 0 0 
7	7	7	1 0 0 1 
119	127	37	0 0 0 1 
68	69	40	1 1 0 1 
182	183	10	1 1 0 1 
32	36	27	0 0 1 0 
219	219	7	1 1 1 1 
119	122	31	0 0 0 1 
243	248	27	0 1 1 1 
180	186	35	1 1 0 1 
216	222	1	0 1 0 0 
9	11	47	1 1 1 1 
189	193	9	0 1 1 1 
242	247	13	1 0 0 0 
118	120	32	0 0 0 1 
36	43	10	1 0 0 1 
110	113	16	0 0 0 0 
216	217	18	1 1 0 1 
244	253	28	1 1 1 0 
21	25	43	1 0 0 1 
143	147	0	0 1 1 0 
138	138	47	1 0 0 1 
148	150	37	1 1 0 0 
208	213	39	1 1 0 1 
78	81	13	0 0 1 1 
82	88	14	0 0 0 1 
17	26	18	1 0 1 1 
248	250	41	0 1 1 1 
62	63	16	0 1 0 0 
86	95	40	0 1 0 1 
247	248	33	0 0 1 1 
116	117	3	1 1 0 1 
210	219	15	1 1 1 1 
22	22	21	1 1 0 1 
201	204	10	0 1 0 1 
77	85	49	0 0 0 1 
245	251	2	1 1 1 0 
248	251	50	0 1 0 0 
167	173	5	0 1 1 1 
58	59	23	0 0 1 0 
188	189	15	1 0 1 1 
60	62	18	1 1 1 0 
188	195	24	1 1 0 1 
200	209	34	0 0 1 1 
242	248	30	0 1 0 1 
46	46	18	1 1 1 0 
152	156	50	1 1 1 0 
24	30	12	0 0 1 1 
205	207	48	0 1 1 0 
147	148	5	1 0 1 0 
213	213	43	0 0 1 1 
4	5	47	1 0 1 1 
60	62	24	0 0 0 1 
36	40	48	0 0 1 0 
97	103	26	1 0 0 1 
22	23	1	0 0 0 0 
174	182	18	0 1 0 1 
110	113	11	1 1 0 1 
215	215	7	0 0 0 0 
30	33	9	1 1 1 0 
176	177	48	1 1 0 0 
188	190	37	0 0 0 1 
158	166	44	1 1 1 0 
160	165	16	0 0 1 0 
169	169	17	0 0 0 1 
20	25	40	0 0 0 0 
40	45	35	0 0 0 0 
223	227	48	1 0 0 1 
132	137	28	1 1 0 1 
44	44	18	1 0 0 1 
209	209	18	1 0 0 0 
230	233	10	0 0 0 0 
163	168	43	0 1 0 1 
216	219	28	1 1 1 0 
43	45	8	0 0 1 1 
170	173	42	0 1 1 0 
64	66	19	1 0 1 0 
207	208	34	1 0 0 1 
182	190	15	0 1 1 1 
21	29	4	0 1 0 1 
241	245	30	0 1 1 1 
207	211	15	0 0 1 1 
0	8	18	1 1 0 0 
184	191	6	1 0 0 1 
115	123	2	1 0 0 1 
192	194	33	0 1 1 1 
11	18	24	1 1 0 0 
218	218	19	1 0 1 0 
163	165	49	1 1 1 0 
50	54	29	0 0 0 0 
79	81	24	1 1 0 1 
108	112	22	1 0 0 0 
162	165	41	1 1 1 0 
83	91	32	0 0 0 0 
179	181	19	1 0 1 1 
40	43	43	0 1 1 1 
191	198	8	1 1 1 0 
103	110	47	1 1 0 1 
63	63	5	1 1 1 0 
30	31	45	0 0 1 0 
30	32	22	1 0 0 0 
117	123	4	0 1 1 0 
33	40	11	1 1 1 0 
63	71	44	0 1 1 1 
107	107	35	0 1 0 0 
240	240	42	0 0 0 0 
149	153	41	0 0 1 1 
222	222	32	0 0 0 1 
4	4	41	1 1 1 0 
67	70	6	1 0 1 0 
199	206	50	0 1 0 0 
75	78	2	1 1 0 1 
225	228	15	0 1 0 1 
212	221	30	0 0 1 0 
240	241	21	1 0 0 1 
195	195	32	1 1 1 1 
126	132	13	1 0 0 0 
78	81	34	0 1 0 1 
171	173	31	0 0 0 0 
94	100	2	0 1 1 0 
190	197	37	0 1 0 0 
51	53	43	1 0 0 1 
225	225	32	1 0 1 0 
131	133	16	0 0 1 0 
86	91	38	1 1 1 0 
79	82	44	1 1 0 0 
66	70	2	0 1 1 1 
119	128	0	1 0 1 1 
113	119	46	1 1 0 0 
54	57	24	1 1 0 0 
93	97	10	0 0 1 0 
136	145	19	0 0 0 1 
66	71	15	1 0 0 1 
223	231	32	1 0 0 0 
48	49	47	0 0 0 1 
47	49	27	1 1 0 1 
68	73	44	1 1 0 0 
12	15	17	1 0 0 1 
66	75	6	0 0 0 0 
134	142	21	0 1 1 1 
45	49	14	0 0 1 1 
21	30	17	0 1 0 1 
101	110	4	0 1 0 0 
11	17	40	0 0 1 0 
141	144	28	0 0 1 0 
61	66	20	0 0 1 1 
55	58	10	0 1 1 0 
9	13	30	0 0 1 0 
54	62	44	0 1 0 0 
214	223	46	1 1 1 1 
117	125	4	1 0 1 1 
229	237	42	0 1 1 0 
90	91	48	1 1 0 0 
75	78	49	0 0 1 1 
161	169	21	0 0 1 0 
204	206	9	0 1 0 1 
186	190	9	1 1 0 0 
209	218	46	1 0 1 0 
9	12	0	1 1 0 1 
150	155	17	0 0 0 1 
118	121	6	0 1 1 1 
130	138	44	1 0 0 1 
12	21	40	0 1 0 0 
78	80	32	0 0 0 1 
195	203	32	0 0 0 0 
109	115	16	1 1 0 0 
155	156	30	0 0 1 1 
116	123	8	1 0 0 0 
3	6	36	1 0 1 0 
6	14	1	1 1 1 0 
62	63	16	1 0 1 0 
176	179	45	1 1 1 1 
57	66	13	0 1 1 0 
88	90	30	0 1 1 0 
126	127	35	1 0 0 1 
206	208	3	0 1 0 1 
213	217	15	0 1 1 0 
119	125	42	1 0 0 0 
10	19	33	0 0 1 0 
82	90	0	0 1 0 1 
35	41	29	0 0 0 0 
239	245	46	0 0 1 1 
41	42	5	0 1 1 0 
70	79	25	1 0 1 0 
136	136	15	0 0 0 0 
195	204	6	0 0 1 0 
118	127	16	1 1 1 1 
157	160	35	1 0 0 1 
140	144	19	0 0 1 1 
197	200	0	0 0 1 1 
66	74	2	1 0 1 0 
237	244	1	0 0 0 1 
138	144	11	1 1 0 1 
113	121	7	1 0 1 1 
60	65	25	1 0 1 1 
13	19	39	0 1 0 0 
232	235	31	1 0 1 1 
245	247	28	0 0 1 0 
57	61	12	1 0 0 1 
46	46	6	1 1 0 0 
211	220	17	1 1 1 0 
110	119	49	1 1 0 1 
235	240	7	1 0 0 0 
67	72	17	0 0 1 1 
101	106	32	0 1 1 1 
195	196	15	1 1 0 1 
33	42	1	1 1 1 0 
201	204	12	1 1 0 1 
148	152	11	0 1 0 1 
17	24	13	0 1 0 1 
172	181	42	0 1 0 0 
59	68	3	1 0 0 0 
240	248	47	0 0 1 0 
113	115	34	0 0 0 1 
116	122	16	0 1 1 1 
188	197	19	1 0 1 1 
26	30	45	0 0 1 0 
109	109	10	1 1 1 0 
192	198	37	1 0 1 0 
214	222	15	1 0 1 0 
86	90	37	0 1 1 1 
18	22	32	1 0 1 1 
35	35	31	0 0 0 1 
245	248	25	1 1 0 0 
94	101	7	0 0 1 1 
71	76	49	1 1 1 0 
25	28	16	1 1 0 1 
24	31	30	0 0 1 0 
185	187	13	1 1 0 1 
194	201	1	0 1 1 0 
203	212	47	1 0 1 0 
169	171	44	0 0 1 1 
198	203	12	1 1 0 0 
13	13	2	0 1 1 0 
193	198	12	1 0 0 0 
183	183	36	0 0 0 1 
230	239	7	1 0 0 1 
167	168	43	0 0 0 1 
77	84	21	0 0 1 1 
216	221	50	0 1 0 1 
132	140	30	1 1 1 0 
202	205	28	0 0 0 0 
57	64	15	1 0 1 0 
99	108	46	1 0 1 0 
16	24	7	0 1 0 1 
57	64	5	1 0 0 1 
155	164	44	1 0 1 1 
160	165	32	0 1 1 0 
169	171	39	1 0 1 0 
217	219	21	0 0 1 1 
75	78	17	0 1 0 0 
166	173	12	0 1 1 1 
100	105	50	1 0 1 1 
130	136	46	0 0 0 0 
66	74	1	1 1 1 1 
61	63	0	0 1 0 1 
88	91	17	1 1 0 1 
44	50	46	0 0 0 0 
142	145	5	1 0 1 1 
116	119	8	1 1 0 0 
3	4	1	1 1 1 0 
187	188	27	0 0 1 1 
215	224	6	0 0 0 1 
198	207	27	1 1 0 1 
136	144	24	1 1 1 0 
244	244	10	1 1 0 1 
244	250	44	1 0 1 1 
215	215	19	0 0 1 1 
23	23	28	0 1 1 1 
229	236	44	0 0 1 1 
149	155	20	0 1 0 1 
7	10	14	1 1 1 1 
130	138	31	0 1 1 0 
95	104	28	0 1 0 1 
22	31	37	0 0 1 0 
162	162	1	1 1 0 1 
105	105	45	0 0 1 0 
63	67	45	1 1 0 0 
89	94	35	1 0 1 1 
38	40	36	0 1 0 0 
3	11	34	0 0 0 0 
123	130	10	0 1 0 0 
4	11	14	0 0 0 0 
38	42	6	0 1 0 1 
153	154	37	0 1 1 1 
7	12	6	0 0 0 1 
88	89	38	1 1 1 1 
175	184	42	1 0 1 0 
249	253	20	1 1 1 0 
34	37	17	0 0 0 0 
206	214	7	0 1 0 0 
27	35	20	0 0 0 1 
200	205	48	0 0 1 0 
32	36	14	1 1 0 1 
199	208	14	0 1 1 0 
95	103	33	1 1 1 0 
75	78	43	0 0 1 0 
175	181	25	1 1 1 1 
152	155	23	0 0 1 1 
21	26	37	0 1 0 1 
113	121	11	1 1 0 1 
79	87	36	1 0 1 1 
3	12	46	1 0 1 1 
36	38	46	0 1 0 1 
13	18	19	1 0 0 1 
64	71	4	1 1 0 0 
211	215	13	1 1 0 1 
0	8	46	1 1 0 0 
98	103	34	0 1 1 1 
128	130	24	1 1 1 1 
177	179	30	0 1 0 1 
59	59	23	0 0 1 1 
153	162	3	1 1 1 0 
67	70	31	0 0 0 1 
57	61	46	0 1 1 1 
233	241	20	1 0 0 0 
50	56	3	1 1 0 0 
46	54	9	0 0 0 0 
143	144	27	0 0 0 1 
247	250	4	0 0 1 1 
21	27	30	0 1 0 0 
74	80	44	0 0 1 1 
200	201	43	0 1 0 1 
7	11	16	1 0 0 1 
220	226	29	1 0 0 1 
141	148	6	0 0 0 0 
22	30	22	1 0 0 0 
37	41	31	0 1 0 0 
77	83	19	0 1 1 0 
191	197	26	0 0 0 1 
50	57	28	1 0 1 1 
49	56	34	1 0 0 1 
149	154	19	0 1 0 0 
209	211	39	1 1 0 1 
211	220	48	1 1 0 0 
193	200	3	1 0 0 0 
236	240	10	0 1 0 0 
55	59	26	1 1 0 1 
41	43	4	0 0 0 1 
171	175	24	0 1 0 0 
95	102	35	1 0 1 0 
184	191	49	1 1 1 1 
120	125	1	1 1 0 0 
33	38	39	1 0 1 1 
85	87	22	0 0 1 0 
34	35	14	1 0 0 0 
104	108	49	1 0 0 1 
91	99	45	0 1 0 1 
236	236	19	1 0 0 0 
99	106	33	1 0 1 1 
203	204	45	0 0 0 0 
219	219	45	1 0 1 1 
50	55	47	0 1 0 0 
108	109	32	1 0 1 1 
213	222	7	0 0 0 1 
100	103	33	1 1 0 1 
151	154	20	1 0 1 1 
60	66	0	0 0 0 1 
124	124	34	1 1 1 0 
200	209	21	1 0 0 0 
124	126	26	0 0 0 1 
85	89	39	1 0 1 1 
225	230	22	0 0 1 0 
83	86	30	1 1 0 1 
56	62	32	0 0 0 1 
46	47	34	1 1 0 1 
158	165	41	1 1 1 1 
10	15	16	0 1 1 1 
141	142	34	0 1 0 1 
65	73	32	1 1 0 1 
247	249	13	1 0 0 1 
13	17	45	1 1 1 0 
9	14	41	1 0 1 1 
118	119	30	0 0 1 1 
102	109	31	0 1 0 0 
131	139	0	1 1 1 0 
156	163	33	0 0 1 1 
200	206	47	1 0 0 0 
81	89	35	0 0 1 1 
121	121	17	1 0 1 1 
248	253	38	0 1 0 1 
55	61	39	0 0 0 0 
65	71	50	1 0 1 1 
82	86	11	0 1 0 1 
143	148	25	0 0 0 0 
145	152	48	0 0 0 0 
55	64	38	1 0 0 1 
89	93	18	0 1 1 0 
115	120	11	1 0 1 0 
146	155	19	1 0 0 0 
100	104	21	1 1 0 1 
245	250	21	0 0 1 1 
243	246	19	0 0 0 1 
38	47	15	1 0 0 1 
199	202	19	0 0 1 1 
11	13	21	0 0 1 1 
111	119	5	1 1 0 1 
30	33	23	1 1 0 0 
190	199	10	0 0 1 0 
156	158	20	1 1 0 0 
202	206	27	1 1 1 0 
192	195	0	1 0 1 1 
241	243	4	0 1 0 1 
167	169	19	0 1 1 0 
96	98	39	0 0 0 0 
160	169	50	1 0 1 0 
45	49	27	1 1 0 0 
79	86	7	1 1 1 0 
152	156	24	1 0 1 1 
229	237	35	1 0 1 1 
231	237	31	1 1 1 1 
65	70	26	1 1 1 0 
162	162	38	0 0 1 0 
185	193	38	0 0 0 0 
22	25	2	0 0 0 1 
128	136	42	1 0 1 0 
174	176	28	1 0 0 0 
106	111	44	0 1 1 0 
27	35	7	1 1 0 0 
128	128	7	0 0 0 1 
68	74	23	1 1 0 0 
188	197	38	1 1 0 0 
199	208	36	0 0 0 0 
237	242	13	1 1 0 1 
66	69	35	0 0 1 1 
185	188	29	1 1 0 1 
109	117	3	1 1 0 1 
60	61	22	0 1 0 1 
147	150	2	1 1 1 1 
198	201	42	0 0 1 0 
26	29	28	1 0 0 0 
211	213	10	0 0 1 0 
212	213	29	1 0 0 0 
198	202	5	1 1 1 0 
50	53	25	1 1 0 1 
133	138	49	1 0 0 0 
196	196	2	1 0 1 0 
43	46	4	1 1 1 1 
155	159	50	1 0 0 0 
82	82	26	1 0 1 1 
224	231	17	1 0 1 1 
9	14	12	1 1 1 0 
79	85	3	0 0 0 1 
153	153	28	1 1 1 0 
179	180	14	0 1 1 1 
204	213	18	0 0 1 0 
200	209	14	1 0 0 1 
158	163	45	0 1 1 1 
203	211	13	0 0 0 1 
194	203	35	1 0 0 0 
39	48	18	1 1 0 0 
14	20	33	1 1 0 0 
230	234	15	1 0 1 1 
249	257	37	0 1 0 1 
134	140	32	1 0 0 1 
113	119	40	0 1 0 1 
83	90	1	1 1 0 0 
192	192	24	0 1 1 0 
214	215	35	0 1 0 1 
48	50	40	1 0 1 0 
141	143	31	1 0 0 1 
116	120	14	1 0 1 1 
84	89	11	0 1 1 1 
138	144	12	1 0 0 0 
206	214	17	1 1 0 1 
169	176	17	0 0 0 0 
52	56	21	0 1 1 1 
29	35	35	0 0 1 0 
43	48	18	1 0 0 0 
55	62	42	1 0 1 1 
19	27	7	1 1 1 1 
232	241	19	1 1 0 0 
71	75	11	1 1 1 0 
90	94	34	1 0 1 1 
175	177	4	1 0 0 0 
7	10	36	0 0 1 0 
90	90	14	0 1 1 1 
116	123	36	0 0 0 0 
39	46	29	0 0 0 0 
117	119	28	0 1 0 0 
65	70	26	1 0 0 1 
60	65	30	0 1 0 0 
192	196	28	0 1 1 0 
233	239	47	1 1 0 1 
109	110	36	1 1 0 0 
124	127	22	1 0 0 1 
98	104	8	0 1 0 1 
14	17	18	1 0 1 0 
107	116	50	1 0 0 0 
8	17	0	0 1 1 1 
223	224	46	0 1 1 0 
28	37	0	1 0 1 1 
32	33	42	1 1 1 0 
68	74	39	1 0 1 0 
37	39	43	1 1 0 0 
205	214	34	0 1 0 0 
100	106	34	1 1 1 0 
0	4	48	1 1 1 1 
67	73	10	1 0 1 1 
71	72	13	1 0 0 0 
241	241	45	0 1 0 0 
42	50	19	1 0 1 1 
161	163	40	1 0 1 0 
220	229	24	1 1 0 0 
42	42	34	0 1 1 0 
166	175	48	0 0 1 0 
147	154	4	0 1 0 1 
16	23	45	1 1 1 1 
157	157	49	0 1 1 0 
147	154	41	1 1 1 0 
106	110	15	0 0 1 1 
175	184	13	1 0 1 1 
130	137	9	0 1 1 1 
116	119	28	0 1 0 0 
33	39	12	0 0 1 1 
25	31	7	0 0 0 1 
105	112	7	0 0 0 1 
81	85	41	0 1 0 1 
204	212	16	1 1 0 0 
2	11	28	0 1 1 0 
115	119	44	0 0 1 1 
230	238	1	0 0 0 1 
174	174	8	1 0 0 0 
155	162	29	0 1 0 1 
119	123	34	0 0 1 0 
127	130	1	1 0 1 1 
87	91	45	1 0 1 1 
105	112	37	0 1 0 0 
66	72	24	1 1 1 1 
30	30	15	0 1 0 0 
107	115	8	0 0 0 0 
79	86	13	0 0 0 0 
159	159	20	0 0 0 1 
147	147	13	0 0 1 1 
164	169	1	0 1 0 0 
245	250	39	1 1 0 0 
110	111	20	0 0 1 1 
231	231	50	1 1 1 0 
182	185	11	1 1 0 0 
37	46	32	0 0 0 0 
236	245	21	1 1 0 1 
41	49	30	1 0 0 0 
113	119	46	0 0 0 1 
35	43	22	0 0 0 1 
1	1	6	1 0 1 1 
82	88	3	0 1 0 1 
2	11	20	0 0 0 0 
239	244	21	0 0 0 1 
131	132	34	1 0 0 1 
200	203	9	1 1 0 1 
30	31	46	1 0 1 1 
149	155	35	1 0 1 0 
121	129	16	1 0 0 1 
248	250	41	0 1 0 1 
43	51	18	0 0 1 0 
214	215	46	0 1 1 0 
14	19	7	0 1 0 1 
119	126	8	1 1 1 1 
136	137	48	1 0 1 1 
79	88	47	1 1 1 1 
139	139	47	0 1 1 1 
31	40	2	1 1 0 1 
79	82	2	0 0 1 1 
164	164	10	1 0 0 1 
147	148	29	0 1 0 1 
235	237	20	0 1 0 1 
56	62	8	1 1 1 0 
151	152	14	1 1 1 0 
40	46	14	1 1 1 1 
225	233	9	1 1 1 1 
43	44	25	0 0 0 1 
179	180	1	0 1 1 0 
25	28	14	1 1 1 0 
165	169	16	0 0 1 1 
161	165	22	0 0 0 1 
143	152	5	0 0 0 1 
219	228	29	0 1 0 0 
113	120	29	0 1 0 1 
18	19	19	1 0 1 0 
143	151	15	0 1 1 0 
201	206	41	0 0 0 1 
125	132	0	0 1 0 0 
73	81	11	1 0 1 0 
22	28	40	0 1 1 0 
123	125	7	0 0 0 0 
117	124	3	1 0 1 0 
29	34	34	0 1 1 1 
20	28	36	1 0 0 0 
250	252	25	1 1 1 1 
113	119	0	0 0 1 0 
193	202	11	0 1 0 1 
38	44	50	1 1 0 1 
144	147	12	1 0 0 0 
92	101	11	1 0 0 0 
47	47	12	0 0 0 0 
144	149	45	1 1 1 0 
199	199	34	0 1 0 0 
124	132	49	0 1 0 0 
74	76	25	0 1 0 0 
129	136	28	0 1 0 1 
142	145	15	1 1 1 0 
81	90	12	1 0 1 0 
39	40	11	1 0 1 1 
121	121	22	0 1 0 1 
32	36	33	0 0 0 1 
192	193	8	1 1 0 1 
131	137	28	0 1 0 1 
216	216	34	1 0 1 1 
183	191	16	0 0 1 0 
191	199	4	0 0 1 1 
239	248	28	1 0 1 0 
165	174	43	0 0 1 0 
142	143	31	1 0 1 1 
116	120	45	0 1 1 0 
131	133	6	0 1 0 0 
235	239	29	1 0 0 1 
234	236	50	1 1 1 1 
205	206	44	1 1 1 0 
160	161	3	1 0 0 0 
218	220	42	0 1 0 0 
237	238	3	0 1 1 0 
56	63	25	0 1 1 0 
228	236	23	1 1 0 0 
202	202	10	0 1 1 0 
119	126	11	0 1 0 0 
141	146	49	0 1 0 0 
157	166	41	1 0 0 0 
32	33	29	0 1 0 0 
77	84	40	0 0 1 0 
155	155	30	0 0 0 0 
234	234	35	0 1 1 1 
101	106	34	0 0 0 0 
146	147	12	0 1 1 1 
92	101	31	1 0 0 1 
67	73	31	0 0 0 1 
215	216	41	0 0 0 1 
131	136	24	1 0 0 0 
216	219	13	1 1 1 0 
211	219	41	1 0 1 0 
81	86	39	1 0 0 0 
214	221	0	1 0 1 1 
129	136	6	0 1 0 1 
246	250	10	0 0 0 1 
54	63	24	1 1 1 0 
32	41	31	0 0 0 1 
3	4	27	1 1 1 1 
94	103	13	0 0 0 0 
176	177	50	1 0 1 0 
213	215	26	1 1 1 0 
215	220	48	1 1 0 1 
72	77	2	0 1 0 0 
150	157	14	1 1 0 1 
133	133	35	1 1 0 0 
63	70	30	0 1 1 0 
83	88	41	0 1 0 1 
191	197	6	0 1 0 0 
174	180	31	1 1 0 1 
159	160	38	1 0 1 1 
198	203	25	1 0 1 1 
87	89	37	0 0 0 1 
27	35	19	0 0 0 1 
134	141	18	1 1 1 1 
77	86	47	1 0 1 1 
147	148	19	0 1 1 1 
246	246	33	1 0 0 0 
29	30	15	1 1 1 0 
0	9	42	1 1 0 1 
234	234	49	1 1 1 1 
224	224	45	1 0 0 1 
221	225	38	0 1 0 1 
75	76	21	1 1 1 1 
82	86	27	0 1 0 1 
93	93	4	1 1 0 0 
177	183	21	0 0 1 1 
14	22	4	1 0 0 1 
179	182	47	0 0 0 0 
222	231	13	0 1 1 0 
250	254	5	0 1 0 0 
189	195	33	0 1 0 1 
209	212	8	0 1 0 1 
241	249	48	0 0 1 1 
121	124	28	0 1 0 1 
180	186	45	0 1 0 0 
224	227	6	0 0 1 0 
174	181	33	1 1 1 1 
115	115	39	0 0 1 0 
191	191	40	1 1 0 0 
94	103	34	0 0 1 0 
226	234	11	0 1 1 1 
74	74	8	0 1 1 0 
164	171	48	0 0 1 1 
166	175	1	1 1 0 1 
231	240	42	1 1 0 1 
6	13	3	0 1 1 0 
179	185	24	0 0 0 1 
91	96	35	1 1 0 0 
100	100	9	1 0 1 1 
48	53	35	0 0 0 0 
57	58	34	0 1 0 0 
97	100	42	1 0 1 0 
76	83	43	0 1 0 1 
95	96	8	0 0 1 1 
66	72	40	0 1 0 1 
158	167	37	0 1 1 0 
196	203	36	0 0 1 0 
232	238	18	1 0 1 0 
208	209	32	1 0 0 1 
56	65	36	1 0 1 1 
161	170	14	1 1 1 1 
182	183	28	1 1 0 1 
89	91	16	1 1 1 0 
226	231	22	0 1 1 1 
184	192	25	1 1 0 1 
41	46	38	1 0 0 1 
166	174	32	1 0 0 1 
221	223	22	1 0 0 1 
55	56	42	0 0 0 1 
143	147	23	1 1 0 1 
11	19	3	1 1 0 0 
17	26	9	1 0 1 0 
229	238	44	1 0 1 1 
109	109	16	1 1 1 1 
94	98	12	1 0 1 0 
217	226	24	1 0 0 1 
208	212	0	0 0 1 1 
87	91	23	1 0 0 1 
236	236	36	0 1 1 1 
95	96	25	1 0 1 0 
152	154	35	0 1 1 0 
107	107	27	0 0 0 1 
111	116	24	1 1 1 0 
177	186	12	0 1 1 0 
246	255	33	0 0 1 0 
111	112	10	0 1 1 0 
94	97	2	0 0 1 1 
148	150	32	0 0 0 0 
163	172	12	1 0 1 1 
109	112	24	1 1 0 0 
127	127	31	1 0 0 1 
78	84	14	0 0 1 0 
155	160	35	1 1 1 0 
217	218	27	1 1 1 0 
225	231	18	1 1 1 1 
115	115	5	1 1 0 1 
84	85	3	1 1 1 0 
84	90	37	1 0 0 1 
37	41	32	1 1 0 1 
37	41	34	0 1 1 0 
250	252	17	0 0 0 1 
183	183	42	0 1 0 1 
18	20	46	1 1 1 0 
176	183	8	1 1 0 1 
10	12	39	1 1 1 0 
220	229	42	0 1 1 0 
67	72	30	1 0 1 0 
84	93	43	0 1 1 0 
18	19	39	1 1 0 1 
80	85	38	1 1 0 0 
66	73	45	1 1 0 1 
238	245	32	0 0 1 0 
205	205	44	0 1 0 1 
214	216	0	0 0 1 0 
248	252	33	1 1 0 1 
56	57	12	1 1 0 0 
212	216	2	1 0 0 1 
233	233	45	0 0 0 0 
89	93	5	0 0 1 1 
138	144	18	0 1 1 0 
97	98	11	0 0 0 0 
73	82	13	1 0 0 0 
14	17	45	0 1 0 0 
44	53	19	0 0 1 1 
171	178	35	1 0 1 0 
82	84	27	1 1 1 1 
42	43	39	1 1 0 1 
71	71	27	1 0 1 1 
111	119	15	1 0 1 1 
233	237	3	0 1 0 1 
3	11	33	1 0 1 1 
17	22	11	0 0 1 1 
171	171	12	0 0 0 1 
164	168	25	0 1 0 0 
41	42	32	1 1 0 1 
205	207	36	1 0 0 0 
31	40	48	1 0 1 0 
206	210	50	1 1 1 0 
96	99	41	1 0 1 0 
171	178	1	0 1 0 1 
144	145	4	0 1 0 0 
105	111	45	0 1 1 0 
170	176	8	0 0 1 1 
247	248	29	1 1 0 0 
26	31	23	1 1 0 0 
106	111	1	1 0 1 1 
170	177	41	1 1 0 1 
58	58	2	0 0 1 1 
224	226	11	1 0 1 0 
207	211	5	1 1 0 0 
120	120	9	1 1 1 0 
125	127	40	0 0 1 0 
236	243	3	1 1 0 1 
11	20	18	1 0 1 0 
209	212	0	0 1 0 0 
95	95	23	0 0 1 1 
50	57	35	0 1 1 1 
165	169	11	0 1 0 1 
100	106	16	1 1 0 1 
149	157	35	0 0 1 1 
23	28	39	1 0 0 1 
69	70	29	1 1 0 0 
159	167	12	0 1 0 0 
38	41	23	0 1 0 0 
199	206	23	0 1 1 0 
118	118	22	0 1 1 1 
93	95	41	0 1 1 0 
236	238	34	1 0 1 0 
178	183	36	1 0 0 0 
219	222	15	1 0 1 1 
243	252	19	1 1 0 0 
206	209	2	1 1 0 0 
159	167	44	1 0 1 1 
163	172	21	1 0 0 0 
44	46	25	0 0 1 0 
68	69	1	1 1 1 1 
97	97	41	0 1 0 1 
166	168	35	0 0 0 0 
87	95	31	1 1 0 1 
22	22	0	0 0 1 1 
143	150	50	0 1 0 0 
115	123	27	0 0 1 0 
79	82	35	1 1 1 0 
179	182	16	0 0 0 0 
87	95	45	0 0 0 1 
216	221	47	1 1 1 0 
151	151	8	1 1 1 0 
102	110	2	0 1 0 0 
80	85	45	0 1 0 1 
33	36	41	1 1 1 1 
15	17	4	1 0 0 0 
17	18	2	0 1 0 0 
37	38	19	0 0 0 0 
32	40	50	0 0 0 1 
235	237	12	1 0 1 1 
158	162	6	0 0 0 1 
240	243	30	0 0 1 1 
64	73	12	0 1 1 0 
77	85	33	1 1 0 0 
233	234	18	1 1 0 1 
32	33	24	1 0 1 0 
139	140	24	1 1 1 0 
48	50	45	1 1 1 1 
213	217	15	0 1 0 1 
23	26	35	1 1 0 0 
196	205	46	0 0 1 0 
207	209	38	1 1 0 0 
160	163	48	0 0 1 0 
50	51	10	0 1 1 0 
38	41	16	0 1 0 0 
218	218	21	0 0 0 1 
118	121	27	1 0 0 1 
81	82	26	0 1 0 1 
70	76	17	0 1 1 0 
78	82	11	0 1 1 0 
28	31	34	0 1 1 1 
150	154	0	1 0 1 0 
189	189	28	0 0 0 1 
163	171	0	0 0 0 1 
173	173	36	1 1 0 1 
115	123	7	1 0 1 0 
208	208	15	1 0 0 1 
116	117	30	0 1 1 1 
27	28	48	0 0 1 0 
215	221	34	1 0 0 1 
90	93	40	1 0 0 0 
218	226	9	1 0 0 0 
195	204	17	1 0 0 0 
91	95	35	0 0 0 1 
10	15	9	1 1 0 1 
178	186	5	0 0 1 0 
64	64	33	1 1 1 1 
107	112	47	0 1 0 0 
26	34	18	0 0 1 1 
84	87	26	1 0 0 0 
54	57	39	1 1 1 0 
136	145	26	1 1 1 1 
75	78	5	0 0 1 0 
80	87	7	1 0 1 1 
154	161	19	1 0 1 1 
80	81	3	1 1 0 1 
129	133	37	1 0 1 1 
216	224	8	1 0 0 0 
183	184	34	0 0 0 0 
243	246	14	0 1 0 1 
169	177	32	0 0 0 0 
147	156	38	0 1 1 0 
23	29	3	0 1 1 1 
142	149	32	1 0 0 1 
193	195	3	1 0 0 1 
160	167	22	0 0 1 1 
107	113	4	1 0 0 1 
79	83	35	0 1 1 0 
169	175	42	1 1 1 1 
157	159	39	0 0 1 1 
213	222	24	0 1 0 1 
21	29	39	0 1 1 0 
182	185	25	1 0 0 1 
101	104	38	0 1 1 1 
26	29	22	1 0 1 1 
188	190	46	1 0 1 1 
64	73	38	0 1 1 1 
208	213	11	1 0 0 1 
239	247	50	1 1 1 0 
66	67	5	0 0 0 0 
89	93	0	0 0 1 0 
70	78	6	1 0 1 1 
13	19	18	0 0 0 0 
24	26	36	1 1 1 1 
247	248	19	0 1 0 0 
68	76	1	0 1 0 0 
15	17	25	0 0 0 1 
109	116	43	1 0 1 1 
73	75	50	0 0 0 1 
117	118	50	0 0 0 0 
191	191	42	1 0 0 0 
32	34	46	1 0 1 1 
64	69	18	1 0 0 1 
150	156	14	0 0 1 1 
130	135	30	0 1 1 0 
4	11	29	1 0 0 1 
88	95	16	0 1 1 0 
106	107	8	1 1 0 1 
161	167	40	0 0 0 0 
140	141	3	1 0 1 1 
243	250	44	1 1 0 1 
204	208	8	1 0 0 1 
72	79	42	0 0 1 1 
30	33	20	1 0 0 0 
209	213	26	1 1 1 1 
2	5	27	0 0 0 0 
202	209	21	0 0 0 0 
129	137	7	0 1 1 1 
184	189	46	0 1 1 1 
159	164	45	1 0 1 0 
200	208	26	1 1 0 0 
1	6	44	1 0 0 0 
62	70	13	0 1 0 0 
61	69	19	1 1 0 0 
147	153	11	1 0 1 0 
44	48	10	1 0 0 1 
32	35	6	1 0 1 1 
200	206	41	1 1 1 1 
164	171	33	1 1 0 1 
207	213	48	0 0 0 0 
198	206	47	1 1 1 0 
2	8	1	0 0 1 0 
116	120	40	0 1 0 0 
199	199	3	0 1 1 1 
165	170	1	0 0 0 0 
204	205	40	0 1 1 0 
187	192	5	0 1 0 0 
223	231	44	0 1 1 0 
9	11	44	1 1 0 1 
99	106	37	0 1 1 1 
247	248	21	0 0 1 1 
126	129	30	0 0 1 0 
132	139	6	0 0 1 0 
149	157	4	1 1 0 0 
64	70	44	0 0 1 1 
49	58	47	1 0 1 1 
136	140	45	1 0 1 0 
24	33	17	0 0 0 1 
114	123	26	0 0 0 0 
83	85	14	1 1 1 0 
236	245	49	1 0 0 0 
191	196	23	1 0 0 1 
224	225	44	1 1 1 1 
172	177	49	0 0 0 0 
235	239	23	1 0 0 1 
161	163	41	1 1 1 1 
122	122	4	0 1 1 1 
199	208	13	1 1 1 1 
51	58	39	0 0 0 1 
221	229	21	0 1 1 1 
115	116	28	0 1 0 1 
213	216	9	1 0 1 0 
238	243	18	1 1 1 1 
30	36	40	1 1 1 1 
247	252	50	1 0 1 1 
92	92	45	1 1 1 0 
42	44	41	1 1 0 0 
184	188	7	0 0 1 0 
3	12	18	0 1 0 0 
19	21	45	0 0 1 1 
202	203	14	1 0 1 1 
206	214	17	0 0 1 0 
6	6	18	1 1 0 1 
198	206	0	1 1 1 1 
136	139	27	1 0 0 1 
79	84	17	1 1 0 1 
226	235	21	0 1 1 1 
125	127	28	0 0 0 1 
170	176	47	1 1 0 0 
229	231	18	1 1 0 1 
107	116	4	1 0 1 0 
209	217	4	0 1 1 1 
60	68	40	1 1 1 1 
71	72	49	0 1 0 1 
162	171	22	0 1 1 1 
43	51	42	1 1 0 1 
82	88	41	0 0 1 1 
133	138	11	1 0 1 0 
140	140	44	1 1 0 0 
195	196	26	0 1 1 0 
160	161	22	0 1 0 0 
196	205	31	1 1 0 1 
118	122	30	1 0 1 0 
239	245	47	0 0 0 1 
156	158	16	0 0 1 1 
22	22	32	0 1 0 0 
49	56	42	0 1 0 1 
198	202	1	0 1 0 0 
214	221	23	1 1 1 0 
103	111	41	1 1 0 0 
155	156	24	1 0 0 0 
198	202	9	1 0 1 0 
181	188	15	0 0 0 1 
222	230	29	1 1 1 0 
5	9	28	1 1 1 0 
107	114	49	1 0 0 1 
222	223	36	1 0 1 0 
30	34	27	0 0 0 0 
103	111	32	0 1 1 0 
214	223	25	0 1 1 0 
97	105	5	0 1 0 1 
10	12	47	1 1 0 0 
71	75	31	1 0 1 1 
130	138	50	1 1 0 0 
80	88	31	0 1 0 1 
184	189	45	1 1 0 1 
231	235	40	0 0 1 0 
183	192	40	0 0 0 1 
200	203	37	0 1 1 1 
148	156	5	1 1 1 0 
55	64	48	0 1 0 1 
18	27	32	0 0 0 0 
227	232	20	1 1 1 1 
7	12	5	0 1 0 0 
168	174	20	0 1 0 1 
243	251	32	1 1 1 1 
27	31	46	1 0 1 0 
120	124	18	0 0 1 0 
160	166	6	0 0 0 0 
156	160	33	0 0 0 0 
166	175	50	0 1 1 1 
2	4	25	1 0 1 0 
164	173	26	1 1 0 1 
185	193	21	0 0 0 0 
121	129	27	1 1 1 1 
74	78	14	1 0 0 0 
9	15	13	0 0 1 1 
229	234	50	1 0 1 1 
154	163	20	1 1 0 1 
6	12	31	0 0 0 0 
13	15	22	0 1 1 1 
228	228	3	0 0 0 0 
198	201	28	0 0 1 0 
239	248	20	1 0 0 1 
114	121	11	0 0 0 1 
143	149	17	1 1 1 0 
135	140	17	0 0 1 1 
199	203	37	0 1 1 0 
202	211	35	1 1 0 0 
235	241	7	0 1 1 1 
43	48	7	1 0 0 1 
166	169	47	0 0 1 0 
119	125	23	0 1 0 0 
180	182	12	1 1 1 1 
104	107	15	0 1 0 0 
33	38	11	0 0 0 1 
222	228	3	1 0 0 0 
0	3	34	1 0 0 0 
86	94	33	1 1 1 0 
9	10	7	1 0 1 0 
190	198	8	0 1 0 1 
34	40	8	0 0 0 0 
1	3	45	0 1 1 1 
80	86	49	1 1 0 1 
206	215	28	0 1 1 0 
185	192	24	1 1 0 1 
158	162	16	1 1 0 1 
78	86	49	1 0 1 1 
124	130	24	1 0 0 1 
74	76	20	1 1 0 1 
232	238	50	0 0 1 0 
232	240	10	0 0 1 0 
101	102	37	0 1 0 1 
38	38	12	1 1 1 1 
184	193	48	0 1 1 0 
223	224	13	0 0 1 1 
213	222	17	1 0 1 0 
205	209	24	1 0 0 1 
228	234	9	0 0 0 0 
24	31	29	1 1 1 1 
244	253	17	1 0 1 0 
9	9	22	0 1 1 0 
144	144	37	0 0 0 1 
64	65	2	1 1 1 0 
52	55	18	1 1 1 1 
106	108	23	0 0 1 1 
13	15	15	1 0 1 0 
51	53	49	1 1 0 0 
52	59	29	0 1 0 0 
226	227	19	1 0 1 0 
155	158	3	0 1 1 1 
127	134	5	0 1 0 1 
189	194	46	0 0 0 1 
190	194	41	1 0 0 0 
195	203	23	0 0 1 0 
22	31	12	0 1 1 1 
203	204	41	0 0 1 1 
229	229	49	0 0 0 1 
101	109	24	1 0 1 1 
193	195	50	0 1 1 1 
167	171	32	0 0 1 0 
119	122	45	1 1 0 1 
204	210	27	1 1 1 0 
1	2	45	1 0 0 1 
171	173	44	1 0 0 0 
44	46	43	0 1 1 1 
24	26	2	0 1 0 1 
23	27	29	0 1 1 1 
58	64	6	0 0 0 1 
238	240	28	1 1 1 1 
44	46	36	0 0 1 1 
90	90	42	1 0 0 1 
49	53	18	0 1 1 1 
71	76	12	0 1 0 0 
189	190	22	1 1 1 0 
167	173	5	1 0 1 1 
48	48	43	0 0 1 0 
48	52	42	1 1 1 0 
82	83	8	0 1 1 1 
239	244	36	1 0 0 0 
230	238	15	0 1 1 1 
42	50	24	1 0 0 0 
233	235	37	1 0 1 0 
96	100	10	0 0 0 1 
49	56	32	1 1 1 1 
16	18	20	1 0 1 0 
73	76	35	1 1 0 0 
46	51	3	0 0 1 0 
239	246	24	1 0 1 1 
151	156	40	0 1 1 0 
231	237	4	0 0 0 1 
93	96	42	1 0 1 0 
207	212	45	0 0 0 0 
104	110	26	1 1 0 1 
115	118	6	1 0 0 1 
226	233	3	1 1 1 0 
171	175	48	1 0 0 0 
225	231	10	0 0 1 1 
165	170	28	0 0 0 1 
167	168	30	0 1 0 0 
52	54	1	0 0 1 1 
167	169	21	1 0 1 0 
212	215	47	1 1 0 0 
107	112	3	1 0 1 1 
220	223	39	0 0 0 0 
81	82	36	0 0 0 1 
211	211	29	1 0 1 0 
96	101	29	0 1 0 1 
85	87	25	1 1 0 0 
168	168	32	1 1 1 0 
70	73	23	0 0 0 1 
241	250	4	0 0 1 1 
18	19	7	1 0 0 0 
24	24	43	1 1 0 0 
195	196	44	0 0 0 0 
101	108	2	1 1 0 1 
54	61	42	1 0 1 0 
17	19	6	0 0 0 0 
19	24	36	1 0 0 0 
229	237	39	0 1 0 1 
107	108	48	1 1 0 1 
133	139	10	1 1 1 0 
19	25	37	1 0 0 0 
242	250	43	1 1 0 1 
242	250	16	0 0 0 0 
143	144	32	0 1 0 1 
208	216	47	1 1 0 1 
153	156	11	1 1 0 0 
221	227	47	1 1 1 1 
216	218	17	0 0 0 1 
177	179	40	1 1 1 0 
170	176	34	0 1 1 1 
110	117	30	0 0 0 1 
200	202	31	1 1 1 1 
195	204	4	0 0 1 1 
106	113	33	1 0 1 1 
76	79	46	1 0 1 1 
196	200	31	0 1 0 1 
32	40	33	0 0 1 0 
195	197	28	0 0 1 0 
47	49	19	1 0 1 0 
145	147	31	1 1 1 1 
47	49	31	0 1 0 1 
250	258	36	1 1 1 1 
24	32	50	1 0 0 0 
164	165	42	0 0 0 0 
189	195	47	0 0 0 1 
213	214	25	1 1 0 1 
237	241	17	0 1 1 0 
218	223	18	0 1 1 1 
62	69	42	0 0 0 0 
214	215	24	1 0 0 1 
241	250	38	0 1 0 1 
81	82	2	0 0 1 1 
116	125	34	1 1 1 0 
97	98	14	0 1 1 0 
83	92	45	0 1 0 1 
100	104	31	0 0 1 0 
160	163	25	1 0 1 1 
16	24	50	1 1 1 0 
150	154	17	0 0 0 1 
140	149	25	1 0 0 1 
185	194	17	0 0 0 1 
132	138	14	1 1 0 1 
130	133	10	1 0 0 1 
85	86	29	0 1 0 0 
197	201	49	0 1 1 0 
193	197	41	0 0 0 0 
119	123	32	0 1 1 0 
51	51	19	0 1 0 0 
10	11	29	1 1 1 0 
75	75	38	0 1 0 0 
67	76	15	0 1 0 0 
31	31	5	0 1 0 1 
108	113	13	1 0 1 1 
70	73	15	1 1 1 1 
220	229	32	0 0 1 1 
95	100	48	0 1 1 0 
86	89	39	1 1 0 1 
26	33	1	1 0 0 1 
236	236	24	0 0 1 1 
222	229	3	1 0 0 1 
163	169	22	1 1 0 1 
249	254	13	0 0 0 1 
157	166	46	1 1 1 0 
71	75	11	1 1 0 1 
16	16	15	0 0 0 1 
32	39	16	0 0 0 0 
218	227	18	0 0 1 0 
142	147	30	1 1 0 1 
16	16	10	0 1 1 0 
64	65	26	0 1 0 1 
147	149	11	0 1 0 0 
4	10	26	0 1 1 1 
169	178	2	1 0 1 0 
169	170	50	0 1 1 0 
232	236	24	0 0 1 1 
150	153	16	0 0 0 0 
44	48	4	0 1 0 0 
4	13	38	1 0 0 0 
8	14	12	0 1 1 0 
101	103	2	1 1 0 1 
197	204	3	1 0 0 0 
238	244	29	1 0 1 1 
136	136	2	1 1 0 1 
223	225	45	0 1 1 1 
208	214	0	0 1 1 0 
157	161	47	1 0 1 0 
183	191	27	0 0 0 0 
8	14	0	1 1 1 0 
191	200	33	0 0 0 0 
203	203	48	0 1 1 0 
169	177	30	1 1 0 0 
96	102	50	0 0 0 1 
144	150	20	0 0 1 0 
177	185	33	1 1 0 0 
211	219	26	0 1 0 1 
183	183	4	0 0 0 1 
19	26	14	1 1 1 1 
138	138	34	0 1 1 0 
61	64	1	1 1 0 0 
215	216	42	0 1 1 0 
189	197	8	1 0 0 0 
243	246	8	1 1 1 1 
9	17	27	1 0 0 1 
235	244	9	0 1 0 1 
19	19	32	0 0 0 1 
190	190	42	1 1 1 1 
192	200	4	1 1 0 1 
230	230	5	1 1 1 0 
199	207	13	1 1 1 1 
47	50	40	0 0 1 1 
241	249	41	1 1 0 0 
194	200	14	0 1 0 0 
163	170	50	0 1 1 1 
5	8	25	0 1 0 0 
75	80	7	0 0 1 0 
119	128	50	0 0 0 1 
10	17	45	1 0 0 0 
163	163	5	1 0 1 1 
140	147	18	1 1 0 1 
192	196	11	1 1 0 0 
250	257	14	0 1 1 1 
223	229	18	1 0 1 1 
122	131	18	0 1 1 0 
49	49	48	1 0 0 1 
86	95	15	0 0 1 0 
56	63	10	0 0 0 0 
236	241	4	1 1 1 0 
101	110	10	0 1 0 1 
152	160	28	0 1 1 1 
212	212	34	1 0 1 1 
123	124	47	0 0 1 1 
80	88	8	0 1 0 0 
115	119	20	1 1 0 1 
74	75	13	0 0 0 1 
215	219	3	0 0 1 1 
234	241	27	1 0 0 1 
246	248	39	0 0 1 1 
196	203	21	1 1 1 0 
103	112	30	1 0 1 1 
93	95	19	0 1 1 0 
28	33	25	0 1 1 1 
178	183	31	0 0 1 0 
230	233	8	0 0 1 0 
63	70	15	1 0 1 1 
180	185	24	1 1 0 1 
238	242	3	1 1 0 1 
223	223	14	0 0 1 1 
154	161	20	1 0 0 1 
55	58	15	1 0 0 1 
15	22	15	1 1 0 1 
200	209	23	1 1 0 1 
109	111	2	1 0 1 0 
8	11	48	0 1 1 0 
30	34	16	1 0 0 0 
180	185	31	1 1 0 1 
103	110	14	0 0 1 0 
125	125	30	0 1 0 1 
1	7	47	0 1 1 1 
112	117	33	0 1 1 0 
5	12	23	1 0 0 1 
1	10	36	1 0 1 1 
128	136	20	0 0 0 0 
37	39	10	1 0 1 1 
193	198	43	1 0 0 1 
187	191	14	1 0 0 0 
56	60	8	0 1 1 1 
218	224	0	0 1 1 1 
21	25	23	1 1 0 1 
40	42	49	1 1 0 1 
52	54	44	1 1 0 0 
136	145	43	1 0 1 1 
196	205	5	0 1 0 1 
172	177	26	0 0 1 0 
0	8	9	0 1 1 0 
206	214	23	1 0 1 1 
211	219	12	0 1 0 0 
86	94	18	0 1 1 0 
34	39	3	0 0 1 0 
32	32	20	1 0 1 1 
117	118	6	1 0 0 1 
51	55	11	1 0 0 0 
199	207	45	0 1 0 0 
128	137	11	1 0 1 1 
62	62	32	0 1 1 0 
213	222	26	1 0 1 1 
52	61	32	0 1 1 1 
235	236	44	1 1 0 0 
30	33	40	1 0 0 0 
235	238	19	1 0 0 1 
41	41	9	0 1 1 1 
218	224	2	1 0 1 1 
28	28	44	1 0 1 1 
117	119	40	0 0 1 1 
203	212	1	1 1 0 0 
173	177	3	1 1 0 1 
127	132	29	1 1 0 1 
3	5	6	1 0 0 1 
244	248	12	0 0 0 1 
103	112	15	1 1 1 1 
195	201	20	0 0 1 1 
27	36	3	0 0 1 1 
193	197	30	1 1 1 1 
60	63	31	1 1 1 1 
157	164	36	1 0 0 0 
160	162	6	0 0 0 0 
22	25	31	0 0 0 1 
152	158	25	0 1 0 0 
16	25	0	0 1 0 1 
216	220	22	0 1 1 1 
55	58	1	1 0 1 1 
94	100	31	0 0 0 0 
111	113	29	0 1 0 1 
150	154	30	0 1 0 1 
232	232	15	1 1 0 0 
191	197	23	0 1 0 1 
30	34	23	1 1 1 0 
35	38	24	1 0 1 1 
170	175	38	0 0 0 1 
248	255	28	1 1 1 0 
62	66	42	1 0 1 1 
28	34	43	0 0 1 0 
138	147	42	1 0 1 1 
99	99	33	0 1 0 0 
87	93	32	1 1 0 1 
32	38	5	1 1 0 0 
154	154	28	0 1 0 0 
155	163	47	0 1 1 0 
86	88	17	1 1 1 0 
10	17	20	0 0 0 0 
173	177	49	0 0 1 0 
102	106	39	0 1 0 1 
208	211	0	1 0 1 0 
142	143	47	0 1 0 1 
93	98	49	1 0 1 1 
35	39	6	0 1 0 1 
122	128	39	1 1 1 0 
184	192	7	0 1 0 0 
59	60	21	1 1 0 1 
51	58	12	1 0 1 1 
172	178	35	1 1 1 0 
78	85	28	1 0 1 1 
145	147	4	0 1 1 1 
7	11	20	1 0 0 1 
93	93	48	1 0 1 1 
163	168	33	1 1 0 0 
113	121	16	0 1 0 0 
185	191	40	0 0 0 0 
39	45	25	1 1 1 1 
228	228	18	1 1 0 0 
247	253	8	0 1 0 0 
12	14	28	1 0 0 1 
92	97	45	0 1 0 0 
133	135	44	0 1 0 0 
39	45	31	1 1 1 1 
113	117	16	1 1 1 0 
208	211	28	0 1 1 1 
15	17	25	1 0 0 1 
160	162	8	1 0 0 1 
231	234	14	0 0 0 0 
176	179	6	1 0 0 1 
170	179	14	0 1 0 1 
130	137	19	0 1 1 1 
179	179	39	1 0 1 0 
29	30	23	0 1 0 0 
218	220	17	0 1 0 0 
127	133	41	1 0 1 0 
107	112	34	0 1 1 1 
80	83	6	0 1 1 0 
156	160	27	1 0 0 1 
101	101	21	0 1 1 1 
177	182	13	1 1 0 1 
149	152	6	1 0 1 1 
155	155	34	0 0 1 1 
118	126	42	1 1 0 1 
171	172	27	0 1 1 1 
156	159	12	0 0 0 1 
162	166	13	1 0 0 0 
58	67	29	0 0 0 0 
28	34	7	0 0 1 1 
182	182	15	1 0 1 1 
112	114	20	1 0 0 1 
32	41	42	1 1 1 1 
55	58	5	0 0 1 1 
120	127	41	0 0 0 1 
211	218	19	0 0 0 1 
89	93	50	0 0 1 1 
115	122	5	0 1 1 1 
165	166	16	1 0 1 1 
127	133	29	1 1 1 0 
165	168	23	0 0 0 1 
12	19	4	1 1 0 0 
176	185	8	1 1 1 0 
242	244	6	0 1 0 1 
127	127	14	1 1 1 0 
126	135	40	0 0 1 1 
123	125	7	1 1 1 1 
1	3	41	1 1 1 0 
150	157	6	0 0 0 1 
67	75	11	1 1 1 0 
84	86	12	0 0 0 0 
86	93	49	0 1 1 0 
238	239	4	1 0 1 1 
87	94	47	0 0 0 1 
178	184	34	1 1 1 0 
220	223	19	0 0 0 0 
54	60	15	0 0 0 0 
141	141	13	1 1 0 0 
48	57	26	0 0 1 0 
158	160	8	1 1 0 1 
210	215	12	0 1 1 1 
211	216	37	0 1 0 0 
31	36	25	0 1 1 1 
180	183	6	0 1 0 1 
104	111	8	1 0 1 1 
22	22	27	1 1 1 1 
67	75	4	0 0 0 1 
36	43	35	0 0 1 1 
201	208	15	0 1 0 1 
100	108	28	1 0 1 0 
63	71	34	1 1 0 1 
94	96	45	0 0 0 1 
227	234	49	1 1 1 1 
134	141	30	1 1 0 1 
190	197	49	1 1 0 0 
232	238	8	0 0 0 0 
104	104	15	0 0 1 0 
180	183	1	1 1 1 1 
108	112	26	1 0 1 1 
56	61	17	0 1 1 1 
69	76	10	0 1 1 0 
44	53	0	1 1 1 1 
241	250	44	1 1 1 1 
190	197	33	0 0 1 1 
59	68	49	0 0 1 0 
95	95	21	1 1 1 1 
97	99	3	1 1 0 1 
211	215	43	0 1 0 1 
82	85	9	1 0 1 1 
116	123	14	0 1 1 1 
56	60	24	1 1 1 0 
54	59	45	0 1 0 1 
51	52	5	0 0 1 0 
72	75	26	0 1 1 0 
133	137	23	1 0 1 0 
93	101	11	0 0 0 1 
16	18	42	1 1 1 1 
175	177	42	1 1 1 0 
95	98	2	1 0 1 0 
223	224	3	1 1 0 0 
176	176	40	1 0 0 0 
213	220	2	1 1 0 1 
191	197	47	1 1 1 1 
230	234	28	0 0 1 1 
27	34	29	1 1 0 0 
12	18	7	0 0 0 1 
208	216	29	0 1 0 1 
206	212	39	1 1 0 0 
133	141	23	0 0 1 1 
47	54	21	0 1 0 1 
112	112	16	1 0 0 0 
214	217	22	0 1 0 1 
59	68	10	1 1 0 1 
22	27	21	0 0 1 1 
164	169	18	1 0 1 1 
52	56	24	0 1 1 0 
229	236	50	0 1 1 1 
4	9	26	1 1 0 0 
177	179	13	1 1 1 1 
163	164	22	1 1 1 1 
88	90	9	0 0 1 0 
67	76	7	1 1 1 1 
175	182	37	1 1 1 1 
88	93	2	1 1 0 1 
172	178	15	1 1 0 0 
87	95	38	1 1 0 0 
116	119	22	1 0 1 1 
40	47	47	0 0 0 1 
244	248	41	0 1 1 0 
60	60	4	1 1 0 1 
114	114	33	1 0 1 1 
80	84	31	0 1 1 0 
172	173	50	1 1 1 0 
81	87	30	0 1 0 1 
177	184	20	0 1 1 0 
4	11	18	0 0 0 0 
11	18	26	1 1 1 1 
101	101	41	0 0 1 1 
26	26	20	1 0 0 0 
221	226	31	0 1 0 1 
199	200	48	0 1 0 0 
203	205	25	1 0 1 1 
83	89	38	1 0 1 0 
30	38	45	1 0 0 1 
241	249	1	0 0 1 0 
78	85	16	1 0 0 0 
192	201	12	0 1 1 0 
89	93	3	0 1 1 0 
101	103	37	0 1 1 1 
214	218	9	0 1 0 1 
100	108	24	0 1 0 0 
225	228	26	0 1 1 1 
32	40	13	0 0 0 1 
247	256	38	0 1 1 0 
233	233	5	1 1 1 1 
41	45	44	0 0 0 1 
142	151	23	0 1 1 0 
226	229	45	1 1 0 0 
115	120	20	0 0 1 1 
87	88	27	1 0 0 1 
163	167	26	0 1 1 1 
76	78	31	1 0 1 1 
124	125	29	0 0 0 0 
89	89	36	0 1 0 0 
36	39	21	0 0 0 0 
180	183	19	1 1 0 1 
71	71	19	1 0 1 0 
225	227	31	1 0 1 0 
210	216	27	0 1 0 1 
242	247	29	0 1 1 1 
146	146	16	0 1 0 1 
199	200	14	0 1 0 1 
144	148	0	0 1 0 1 
38	47	9	0 0 1 1 
41	42	9	1 1 1 1 
177	184	26	0 1 1 0 
154	155	2	1 0 0 0 
118	119	45	0 0 1 0 
92	98	19	0 1 1 0 
159	159	18	1 1 1 1 
24	25	28	1 1 0 1 
14	23	0	1 1 1 0 
44	45	24	1 0 1 1 
57	64	47	0 0 0 0 
87	88	17	0 0 0 1 
36	43	1	0 0 0 0 
173	173	0	1 0 1 0 
36	37	19	0 0 1 0 
180	188	20	1 1 0 0 
111	120	32	1 1 0 1 
36	40	10	0 1 1 0 
235	240	17	1 0 0 1 
250	252	9	0 0 0 1 
153	154	22	0 0 1 0 
196	200	2	1 1 0 1 
19	28	36	0 0 1 1 
233	235	26	0 1 0 0 
125	133	26	1 1 1 0 
27	28	27	1 0 1 1 
204	210	2	0 1 0 1 
250	251	16	0 1 1 1 
142	145	27	0 0 1 0 
201	207	8	1 1 1 0 
154	156	39	0 1 1 1 
208	208	7	0 0 1 1 
227	231	21	0 1 0 0 
228	230	33	0 0 0 0 
51	58	22	0 1 1 0 
247	250	22	1 1 0 0 
106	110	23	0 0 1 0 
77	78	15	1 1 1 1 
209	217	30	1 1 1 1 
59	62	15	1 1 1 0 
199	205	33	1 1 0 1 
93	98	25	0 1 0 1 
182	191	20	1 0 0 0 
216	223	16	1 1 1 0 
112	112	37	1 0 1 0 
87	94	37	1 1 0 0 
44	48	10	0 1 1 0 
238	247	19	1 1 1 1 
223	227	8	1 0 1 1 
9	17	0	0 0 1 1 
106	106	23	1 0 1 0 
121	124	16	1 0 0 0 
38	41	46	0 1 1 0 
85	85	21	0 1 1 0 
0	1	11	1 1 0 0 
179	182	32	1 1 1 1 
73	80	0	1 1 0 0 
116	118	31	0 1 1 1 
164	172	12	0 0 0 0 
222	223	22	1 1 1 0 
159	163	11	1 1 1 1 
95	103	22	0 0 0 0 
67	73	35	0 1 1 0 
52	59	48	1 1 0 1 
157	157	8	1 0 1 1 
113	120	21	0 1 0 0 
197	200	21	0 0 0 1 
13	18	3	1 0 0 1 
34	35	25	0 0 1 1 
210	212	19	0 1 0 1 
108	114	38	1 0 1 1 
176	185	40	0 0 0 1 
104	109	29	1 1 1 1 
159	159	3	1 1 1 0 
69	76	47	0 1 0 1 
122	130	49	1 1 1 1 
133	135	6	1 1 0 1 
20	28	26	1 1 1 1 
120	127	32	1 0 1 1 
223	225	23	1 0 1 1 
29	32	39	0 0 0 1 
209	210	2	0 1 0 0 
5	7	37	1 1 0 1 
122	122	7	1 0 1 1 
145	150	20	1 1 1 0 
1	10	33	1 1 1 1 
163	165	5	0 1 1 1 
136	145	2	0 0 1 0 
66	72	19	0 0 0 1 
33	40	45	0 0 1 0 
89	92	43	0 1 1 0 
171	180	19	0 1 0 1 
125	133	12	0 0 0 0 
148	154	18	0 1 1 0 
226	226	18	1 1 1 1 
109	115	21	0 0 1 1 
159	161	40	0 0 1 0 
99	99	21	1 1 0 1 
141	146	5	1 0 0 1 
38	43	45	1 1 0 0 
240	249	14	0 1 0 0 
122	123	39	0 1 1 0 
45	46	28	1 1 0 1 
1	1	5	0 1 1 0 
153	157	41	0 0 1 1 
79	79	6	0 1 0 0 
204	210	20	0 1 0 1 
170	177	13	0 0 0 1 
5	9	37	0 0 0 0 
103	112	37	0 1 1 1 
83	83	7	0 0 0 0 
165	170	50	1 0 0 0 
165	170	25	0 1 1 0 
67	68	38	0 1 1 0 
143	148	8	0 1 1 1 
110	110	29	1 0 0 1 
74	78	20	1 1 0 1 
245	249	7	0 0 1 1 
216	221	49	0 0 1 0 
125	130	17	0 0 0 0 
92	99	44	0 0 0 1 
192	194	11	1 1 1 0 
46	54	46	1 0 0 1 
142	149	13	0 1 0 1 
14	19	1	1 1 1 0 
21	23	40	1 0 1 0 
211	219	47	1 1 0 0 
125	125	11	1 0 0 0 
23	23	4	0 0 1 0 
110	113	22	1 1 0 0 
75	78	39	0 1 0 1 
93	101	16	0 0 0 1 
57	59	21	0 1 1 1 
185	188	23	1 0 1 0 
144	147	50	0 0 0 0 
229	231	44	0 0 1 0 
59	63	26	0 1 0 0 
14	15	50	1 0 1 0 
132	134	48	0 1 1 1 
164	170	16	1 0 0 1 
142	143	22	0 1 1 0 
98	102	31	1 0 0 0 
74	81	48	0 1 1 1 
172	175	15	0 1 1 1 
187	189	10	1 0 1 0 
6	14	16	1 0 1 1 
200	207	33	0 0 1 0 
128	128	21	0 0 0 1 
121	125	32	0 0 1 0 
17	25	41	0 1 0 0 
8	13	36	0 0 0 0 
159	159	27	0 1 0 0 
109	113	15	0 1 1 0 
138	140	8	0 1 1 1 
60	60	17	1 0 1 1 
217	225	42	0 1 0 0 
130	131	5	0 0 1 0 
244	250	39	1 1 1 1 
17	25	11	0 1 1 1 
197	203	32	1 0 0 0 
249	252	29	1 0 0 0 
95	99	17	1 0 0 1 
164	168	42	0 0 0 1 
162	168	41	1 0 0 0 
81	81	19	0 1 1 0 
23	31	19	1 0 0 0 
13	14	49	1 0 0 0 
109	117	35	0 1 0 1 
141	145	26	0 0 1 1 
196	196	6	0 1 0 0 
19	28	24	1 1 0 0 
110	111	22	1 0 0 0 
212	215	11	1 0 0 1 
176	178	31	0 1 0 1 
19	24	19	0 0 1 1 
103	107	13	0 1 0 1 
234	239	23	1 1 1 0 
133	141	36	0 1 0 0 
120	124	44	0 0 0 1 
85	87	28	0 1 1 0 
38	42	4	0 1 1 1 
92	97	10	0 1 1 1 
56	60	24	0 0 1 1 
84	87	26	0 1 0 1 
206	206	29	0 0 1 0 
216	224	21	0 1 0 0 
144	148	44	1 0 1 0 
37	37	22	1 1 0 1 
124	126	1	0 0 1 0 
120	122	30	1 1 1 1 
31	36	42	1 1 1 1 
81	82	24	1 0 1 0 
215	218	0	1 1 1 0 
154	156	20	0 1 0 0 
34	39	48	1 1 0 1 
132	137	34	1 0 1 0 
182	188	41	0 1 1 1 
198	207	12	1 0 0 0 
13	14	36	0 1 1 1 
131	140	47	0 0 0 1 
223	228	47	0 1 1 0 
36	43	30	1 0 1 1 
19	21	36	0 1 1 0 
22	24	33	1 0 1 0 
232	239	22	1 0 1 1 
226	227	0	1 1 1 0 
179	188	32	0 0 0 0 
139	148	38	1 0 1 1 
171	172	48	0 1 1 0 
160	160	42	1 0 0 0 
99	101	15	1 0 0 0 
218	223	24	1 0 1 1 
132	132	16	1 1 1 0 
195	203	48	0 1 0 0 
104	108	49	1 1 1 1 
193	194	28	0 0 1 0 
140	146	29	1 1 1 0 
214	222	7	0 0 1 1 
221	223	17	0 1 0 1 
146	148	38	1 0 1 1 
171	171	46	0 0 1 0 
188	190	41	0 1 1 0 
183	185	12	1 1 0 0 
91	91	6	1 0 0 0 
219	227	1	1 1 1 0 
68	77	3	0 0 1 1 
201	202	0	0 0 0 0 
83	83	19	0 1 1 1 
99	102	49	1 1 1 1 
220	225	42	1 1 1 1 
23	32	11	1 0 1 0 
151	159	3	0 1 1 1 
8	11	27	0 0 0 1 
246	251	32	1 0 1 1 
213	216	46	0 0 0 1 
66	68	37	1 1 1 0 
179	182	1	0 0 1 1 
151	159	20	0 0 1 0 
10	14	39	1 1 1 0 
168	168	50	1 0 1 0 
128	136	20	1 0 1 1 
93	101	9	0 0 0 1 
53	54	42	0 1 1 1 
93	102	5	0 0 0 1 
174	175	30	0 1 0 1 
208	208	26	0 0 0 0 
21	25	36	0 1 0 1 
45	45	24	1 0 1 1 
53	60	5	1 1 0 1 
144	147	32	1 1 1 0 
163	167	15	1 0 0 1 
141	141	37	0 0 1 1 
84	87	0	0 1 0 0 
184	185	7	0 1 0 0 
246	255	31	1 1 1 0 
128	134	43	0 1 1 1 
194	203	36	0 0 0 1 
57	62	50	1 0 1 1 
247	252	46	1 0 0 1 
177	179	47	0 0 0 0 
250	254	31	1 0 0 1 
220	229	48	1 0 0 0 
197	201	0	1 0 0 1 
141	141	9	1 0 0 0 
135	138	0	0 1 0 1 
12	19	9	1 0 1 1 
208	216	35	1 1 1 1 
215	218	9	0 1 0 0 
76	84	43	1 0 1 0 
110	113	3	0 1 0 0 
125	127	45	1 1 1 0 
72	79	47	1 1 0 0 
30	31	50	1 0 0 0 
105	114	25	1 0 1 0 
127	129	4	0 1 1 1 
203	206	40	0 0 0 1 
110	114	47	1 0 1 0 
44	46	36	0 0 1 1 
163	171	33	0 1 0 0 
205	214	13	0 1 0 1 
237	238	31	1 0 1 0 
107	108	6	0 1 0 1 
217	224	29	1 1 1 0 
9	16	22	1 0 0 0 
242	251	12	1 1 0 1 
138	141	47	1 1 1 1 
199	205	37	0 0 0 0 
34	43	6	1 1 0 0 
2	10	47	0 1 1 0 
166	166	43	1 1 1 0 
164	168	35	0 1 0 0 
116	125	44	0 1 1 0 
120	129	11	1 0 1 0 
111	115	21	0 0 0 0 
182	190	1	0 1 0 0 
94	98	45	1 1 0 0 
176	179	5	0 1 0 1 
234	235	33	0 1 0 1 
245	251	1	0 0 0 1 
87	93	34	1 1 1 0 
210	213	25	0 0 0 0 
212	219	12	0 1 0 0 
178	179	8	0 1 0 0 
157	164	17	1 0 1 1 
153	158	49	0 0 1 1 
182	188	36	0 1 0 1 
74	76	6	1 1 0 0 
214	215	21	0 0 1 0 
110	118	30	1 1 0 1 
160	167	7	1 0 0 1 
47	55	35	0 0 0 0 
0	9	13	0 0 0 1 
228	234	26	0 0 1 1 
179	183	21	0 1 0 0 
13	14	8	1 0 0 0 
31	35	44	1 1 1 0 
214	221	24	1 0 0 1 
236	236	17	0 0 1 1 
69	74	33	0 1 0 0 
27	29	14	0 1 0 0 
54	59	35	0 0 1 0 
246	250	8	1 1 0 1 
25	26	47	0 0 0 1 
10	13	23	1 0 1 0 
143	148	9	1 1 1 1 
36	40	42	0 0 0 0 
183	191	5	1 0 1 0 
113	118	14	0 1 1 1 
46	53	6	0 1 0 1 
29	38	48	0 0 0 1 
22	24	36	1 1 0 1 
65	72	39	0 0 0 1 
134	142	30	1 1 1 0 
132	140	32	1 1 1 0 
84	84	8	1 1 1 0 
239	246	45	1 1 0 1 
246	246	38	1 0 0 1 
238	239	34	0 0 1 1 
244	249	25	0 0 1 0 
185	185	36	0 0 1 0 
209	216	29	1 1 0 1 
92	101	26	1 1 0 1 
144	153	30	1 0 1 1 
44	53	13	1 1 0 0 
86	91	33	0 0 1 0 
38	40	48	0 1 0 1 
5	9	44	0 0 1 1 
52	59	41	0 1 0 0 
45	45	33	0 0 0 0 
242	246	0	1 0 1 0 
224	226	15	1 1 1 1 
94	101	10	1 1 1 0 
63	65	46	0 1 1 0 
211	212	20	0 1 1 0 
22	31	35	0 0 1 1 
50	57	0	0 1 0 1 
180	183	17	0 0 1 0 
154	162	5	1 1 1 0 
56	58	1	1 0 0 1 
149	154	18	0 0 1 0 
166	171	41	0 1 1 0 
176	185	42	1 0 1 1 
119	119	24	0 1 0 1 
207	216	34	1 1 1 0 
153	155	37	0 1 0 1 
133	141	45	0 0 1 1 
84	87	17	1 1 0 1 
88	91	15	0 1 1 1 
172	176	50	0 1 1 1 
104	112	27	0 1 1 0 
183	190	43	1 0 0 1 
81	88	41	0 1 0 0 
67	76	39	1 0 0 1 
138	141	34	0 0 1 1 
243	248	9	0 0 1 1 
20	22	21	1 1 1 1 
116	119	40	0 0 0 0 
103	104	6	1 0 1 0 
43	46	9	1 0 1 1 
164	173	34	1 0 0 0 
185	190	40	0 0 1 1 
11	20	24	0 0 1 0 
184	189	24	1 0 0 1 
11	15	47	1 0 1 1 
190	190	39	0 0 0 0 
59	62	20	0 0 0 0 
65	68	24	1 1 1 0 
208	213	35	1 1 0 1 
17	26	5	0 1 1 0 
180	180	35	0 1 1 1 
16	16	43	1 1 0 1 
158	161	35	0 0 0 1 
13	21	6	0 1 0 1 
146	155	33	0 0 0 0 
19	25	22	0 0 0 0 
201	208	3	1 1 1 0 
70	76	48	1 0 0 1 
105	108	19	0 0 0 1 
218	220	48	0 1 1 1 
217	220	16	1 1 1 1 
214	214	39	1 1 1 1 
236	236	1	0 1 1 1 
250	257	25	1 0 0 0 
69	74	38	0 1 0 1 
201	205	49	1 0 1 0 
126	129	46	1 0 0 0 
17	21	13	1 0 1 0 
38	43	21	0 1 1 1 
204	205	22	0 1 1 0 
230	239	0	1 1 0 1 
43	45	12	0 1 1 1 
235	241	28	1 1 1 1 
59	63	28	1 1 0 1 
118	119	22	1 0 1 1 
224	224	35	1 0 0 0 
220	228	46	1 0 1 0 
15	15	38	0 0 1 0 
63	65	38	1 1 1 1 
84	85	21	0 0 0 0 
243	247	15	0 0 0 1 
58	61	8	0 0 0 0 
54	61	3	1 1 0 0 
238	245	18	0 1 1 1 
142	146	23	1 1 1 1 
141	149	39	1 0 0 0 
7	13	5	0 1 0 0 
230	232	19	0 0 1 1 
157	157	7	1 0 0 0 
66	66	14	0 0 0 1 
110	111	7	0 1 0 1 
105	113	20	0 0 0 0 
227	227	35	0 1 0 1 
130	131	13	0 0 0 0 
133	136	5	0 0 1 1 
238	243	17	0 0 0 0 
243	248	7	0 0 1 0 
62	68	2	1 0 0 0 
85	92	3	1 0 1 0 
181	184	7	1 1 1 1 
102	105	12	0 1 0 1 
85	94	4	0 1 1 1 
214	219	38	0 1 0 1 
139	139	35	0 1 1 0 
185	186	11	0 0 1 1 
104	111	15	1 1 1 0 
212	214	20	1 0 0 0 
147	154	20	1 0 1 1 
90	90	26	0 1 1 1 
246	254	45	0 0 1 1 
146	150	42	1 1 0 1 
247	250	7	1 0 0 1 
74	77	4	1 0 0 1 
171	177	16	0 0 0 1 
52	59	20	1 1 0 1 
204	211	13	1 1 0 0 
59	60	8	0 1 1 0 
226	235	25	1 0 0 1 
96	99	12	0 1 1 0 
200	202	36	0 1 1 0 
39	46	2	1 1 0 0 
14	19	41	1 0 1 0 
220	227	34	1 0 1 1 
174	177	11	0 0 1 1 
185	191	24	0 1 0 1 
164	168	19	1 1 1 1 
193	201	3	1 0 1 0 
148	155	33	1 1 0 1 
234	243	50	0 0 0 0 
52	53	16	1 0 0 0 
201	202	25	0 1 1 0 
24	33	1	1 0 1 1 
38	42	23	1 1 0 0 
181	189	45	1 0 0 1 
179	180	36	1 1 1 0 
62	67	34	1 0 1 0 
21	21	16	0 0 1 1 
103	108	41	0 0 1 0 
11	18	9	1 0 1 1 
156	164	4	1 1 0 0 
144	152	15	1 1 1 1 
40	43	12	0 0 0 0 
33	37	42	0 0 1 1 
84	85	36	0 0 1 0 
84	93	13	0 1 0 0 
4	13	48	1 1 0 1 
185	188	29	0 0 1 1 
59	60	37	1 0 1 0 
47	50	37	1 0 0 0 
227	229	12	1 1 1 1 
149	149	34	0 1 0 1 
36	39	23	0 0 0 1 
157	166	44	0 1 0 0 
141	143	13	1 0 0 0 
233	242	35	0 1 0 0 
91	98	41	0 0 1 1 
194	198	33	0 0 0 1 
11	15	16	0 0 1 0 
107	112	42	1 0 0 0 
223	229	22	1 0 0 1 
222	228	44	0 1 0 1 
228	234	32	0 0 0 0 
107	116	18	0 1 1 0 
243	247	22	0 1 1 0 
155	162	5	1 0 0 1 
75	78	9	1 1 1 0 
204	206	49	0 0 1 1 
74	79	28	1 1 1 1 
95	103	17	0 1 1 0 
